1.9756014103068815
2.9849062845076997
2.2073327543178167
3.9644500047815048
0.22499806902511948
1.7812372818425608
1.9998627966012508
-0.5023364490310771
-0.32098728911326907
-0.37425542008528806
-0.7570029942334795
-0.752751400815338
-0.5945063136831314
-0.5935701830222665
-0.7695627472669024
-0.7351599454797046
-0.6252035982710098
-0.6868712055562157
-0.5311224668530117
0.06858623777048
-0.517587577714524
-0.49266309886870796
-0.6704499135466913
-0.5875633446149717
-0.23928373332501943
-0.29825996496018164
-0.5422390184509219
-0.43115151336033225
-0.19013687362904524
-0.7047747044454555
-0.7165933540390153
1.0472718382718194
0.721342346510267
0.25355005418183
-0.661127612382134
-0.6614396559357518
-0.6929170494077018
-0.20421783898638046
-0.5512102706176446
-0.5038186559108095
-0.6176365420956144
-0.08006351008774261
-0.3429211985727959
-0.17414464150575204
0.025485221925989017
-0.23979080409966438
-0.5255056828877627
-0.47074203922653934
-0.4017024029869566
0.7410010903886458
-0.23304286225251192
-0.18752350886743788
-0.6142040630057385
-0.5438772471074448
-0.6602694926096601
-0.697051626493227
-0.7392555171210529
-0.6474367014668246
-0.3308685163140349
-0.7768567653328912
-0.7745554441249073
-0.7706939051487945
-0.7788070375430488
-0.6504011152262666
-0.7624247509777241
-0.632729434796536
-0.6856230313417102
-0.7818104567466906
-0.7792751028734884
-0.6945942835084357
-0.7714350085886521
-0.7839947616220695
-0.7839947616220695
-0.6591773401719763
-0.49679767595424457
-0.7281779709673537
-0.7839947616220695
-0.7421809254362866
-0.7772078143307201
-0.7520883082638883
-0.7467445624080573
-0.6714250496517644
-0.6767297900633956
-0.7758816292278123
-0.7839947616220695
0.2970640395906174
-0.4110515139868954
-0.0457435963896509
-0.4238574952943464
-0.05798642866875795
-0.5961055368954687
0.26577956604697944
0.938407643500814
0.1299027960578428
-0.2816826511738525
0.09625329331932363
0.6936484811260162
0.5309775811842306
-0.39963511444418826
0.0012628410758393942
0.3940875465097801
4.52160376977937
4.52160376977937
1.7983431924381688
-0.7207669365687459
1.8615710174914923
1.8615710174914923
1.3809069285760232
-0.7839947616220695
1.3809069285760232
1.3399122067185003
-0.497109719507871
1.6267972488326987
1.5656367123221462
0.15972135994613257
2.509352833890348
0.08680178021334616
1.3365362124824012
2.2073327543178167
1.4301882840141906
1.4301882840141906
-0.0967968456508963
0.41499049666902554
1.1021884126401986
0.99663968062645
-0.3053199503609605
1.4753144918875591
0.9990580181670417
-0.7619176802030848
1.0211350995860262
1.0211350995860262
-0.41652447178415514
1.3886053894239407
1.3886053894239407
1.1660013193565384
1.0349102035290918
2.9849062845076997
2.464378631616611
2.464378631616611
2.2495756503898425
-0.5006202094861378
2.532950202525774
2.532950202525774
0.8536281214595232
-0.06738674072171752
-0.5171020329745045
1.83712887100744
1.0967482209310084
-0.7839947616220695
1.0967482209310084
0.7732760721542473
-0.033100955267150164
1.5241698785091666
1.5241698785091666
-0.7839947616220695
1.5241698785091666
1.3227672906786951
-0.7839947616220695
1.3227672906786951
-0.5187967464848184
0.3940875465097801
0.3205614073228499
1.7638417305919505
1.7638417305919505
-0.6717370932053908
1.8760993990086292
1.6673093581275573
-0.7839947616220695
1.6673093581275573
0.8303266486835571
-0.46734856558086607
1.1469728447247605
1.1469728447247605
-0.7107425374085449
1.220225068938285
0.5783093826173019
-0.1333059414250508
0.26454958944712115
2.2775425538835115
2.2775425538835115
1.875942500367823
-0.6843358516830107
1.9756014103068815
1.0274960780608158
1.0274960780608158
0.46827502452019626
0.6053913565031012
1.8576611426453669
1.8576611426453669
1.8421759812967158
-0.7839947616220695
1.8421759812967158
1.8421759812967158
-0.4384845368705292
2.187686206048256
1.9391045101415538
-0.7839947616220695
1.9391045101415538
1.9391045101415538
1.616958546467706
-0.20210284798904557
2.19885046010073
2.067402113136098
-0.3907115647320294
2.460685310026138
2.460685310026138
2.323110894115908
-0.5891625678273147
2.517943087910663
1.3398607797788133
0.38562248825372064
0.4596127248374202
0.19582199676116474
2.6090467330964446
2.50677445839577
-0.7552477492443432
2.5355214707734963
1.6385562920549328
0.7429903680430175
3.1655414217200195
3.143620362077848
-0.6625318083734328
3.2650833153264847
1.7874400725783992
0.6322149065060598
0.4724677297720992
1.8886773979002285
1.6871752731467264
-0.740152642337718
1.7310173924310779
1.7310173924310779
1.2477789441981981
-0.6973246646026565
1.334449041217611
0.6314929257883602
-0.6534435398741137
0.7620441475363159
0.7620441475363159
0.7620441475363159
-0.558465283239425
0.9875736259189604
0.46562265431440336
-0.7839947616220695
0.46562265431440336
0.46562265431440336
-0.7092993359730236
0.5403180799634492
0.5403180799634492
-0.0693760183760835
-0.4896206742208665
0.22499806902511948
1.7600183201960558
1.7600183201960558
1.4923239566298105
0.04822051869576496
2.324539236947645
0.9514305846639982
0.5766662767600895
-0.1226964606017912
1.2379645777803678
-0.6383435557668132
1.3836157836356242
1.3836157836356242
1.3836157836356242
-0.444647397054623
1.7229631482030705
1.5031284646740888
-0.7839947616220695
1.5031284646740888
1.3295542379700502
-0.4516293715669853
1.6619196280251345
1.556448906899805
-0.48884056533680625
1.8516031031850684
1.8516031031850684
-0.1758401892628443
-0.14738381571271478
0.48430626208769767
1.7290717803562776
1.7290717803562776
1.0223114450514805
-0.7081681780911345
1.0981380285824156
1.0981380285824156
1.9392658157191316
-0.5613906915546673
2.1618698857865337
2.1618698857865337
1.8699921468143303
0.2551882828383613
2.909175191274761
2.909175191274761
0.2871727470849562
-0.7786900212104411
1.5937381115580056
2.6702103606766596
2.6702103606766596
2.5242519884684556
-0.6885874451011522
2.619659304989373
2.264904789961686
-0.4576752154184799
2.5912243361652756
2.5912243361652756
-0.607417115714389
2.767801982072956
2.114889851556356
-0.7839947616220695
2.114889851556356
2.114889851556356
1.8703257164025708
0.7586705566126729
-0.5313789187693332
1.0112863994654093
0.5006105377646116
2.2958916988520905
1.3611262285234962
-0.36388370830300504
1.7812372818425608
1.159880555686327
1.159880555686327
0.6902940129245541
0.5891138906615774
0.028995711904275728
1.4021043641879225
-0.6007471847556446
1.5853519410543475
1.3197638714750706
-0.7839947616220695
1.3197638714750706
1.3197638714750706
1.2482668922506908
-0.5429801218907796
1.4892815319819805
0.957754343825592
-0.24283322874750304
1.4989158767001585
1.4650981565760222
-0.7275660794689219
1.5215268387291696
1.4942620332311616
-0.6949453325062676
1.5833114623469635
0.2123993105475024
0.6101646349224539
1.5738965360674093
1.6065587070920258
3.9644500047815048
3.2038828482642074
3.2038828482642074
2.7015707378159908
1.7217539794327563
0.26577956604697944
-0.7839947616220695
0.617197810487837
1.6669721381568858
1.3875943389443446
-0.6010202228650656
1.5705688777013487
1.305721911561932
-0.623604375058698
1.4661122981253036
1.323235356009149
-0.053539808029606326
2.053690309601612
1.5692816980426376
-0.7839947616220695
1.5692816980426376
1.3775570899667742
-0.6028924841868266
1.558659367402017
1.4352199863163897
0.15061468692970856
-0.04640181174042515
0.3276603981678285
0.8882076368113528
1.9998627966012508
0.6604938535533522
-0.6252035982710098
-0.7228342251115171
0.6604938535533522
-0.6863641347815622
-0.6784460296083208
-0.28322226801484984
-0.7802892444227698
-0.7695627472669024
-0.7351599454797046
-0.7430000397645465
-0.7695627472669024
-0.4743305400932199
-0.30773828790155205
-0.7546236621370933
-0.4722242461062547
-0.3033306727066002
-0.7839947616220695
-0.7839947616220695
-0.3033306727066002
-0.41652447178415514
-0.5527704883857707
-0.7695627472669024
-0.6897966138714438
-0.6868712055562157
-0.762073701979898
-0.6897966138714438
-0.6580461822900757
-0.6817224869213948
-0.760513484211769
-0.7106255210759287
-0.6512592349987235
-0.7745554441249073
-0.7502734569034178
-0.7395675606746736
-0.7540775859182457
-0.6643260588067915
-0.7768567653328912
-0.29833797584859534
-0.23315987858512535
-0.4246047006726172
0.8063742148731315
-0.7788070375430488
0.12517703537084007
0.20468233453369558
0.8945655242164625
-0.7706939051487945
-0.3033306727066002
-0.5692490994958561
0.031120319547604965
0.45563726059836807
-0.5692490994958561
-0.4921170226498661
0.45563726059836807
-0.5692490994958561
-0.07723442631727241
-0.29166804488985937
-0.6069100449397441
-0.6660813037959307
-0.7624247509777241
-0.5527704883857707
0.3016047614401147
-0.76199569109149
-0.6362421389805092
-0.6504011152262666
-0.5883434534990348
-0.5441112797726688
-0.5883434534990348
-0.5935701830222665
-0.3221703022567134
-0.5311224668530117
-0.7567299561240614
-0.6971870473429228
-0.6922929623004519
-0.582592173791598
-0.7839947616220695
-0.7839947616220695
-0.582592173791598
-0.6717370932053908
-0.582592173791598
-0.6717370932053908
-0.5590893703466834
-0.4246047006726172
-0.5590893703466834
-0.4246047006726172
-0.7839947616220695
-0.5590893703466834
-0.4246047006726172
-0.5752047207409975
-0.5590893703466834
-0.6333947415536891
-0.5590893703466834
-0.6333947415536891
-0.5590893703466834
-0.6333947415536891
0.3140084926967189
0.20468233453369558
-0.46052261284530843
0.3140084926967189
0.2640876260550976
0.05298794782193074
-0.054007873360037366
-0.12148729183149683
-0.043614111545637754
-0.6992359313686145
-0.7092603305288268
-0.7839947616220695
-0.6992359313686145
-0.6360081063153022
-0.6683436195597175
-0.76199569109149
-0.5691917803953009
-0.4019754410963548
-0.6532485126530924
-0.3823947081063811
-0.5796842448859414
-0.662804846482868
-0.2872994351390874
-0.662804846482868
-0.3221703022567134
-0.5459055302060076
-0.7692116982690735
-0.5824926368685673
-0.435286090445866
-0.7035655356751583
-0.6464203457118396
-0.435286090445866
-0.7354719890333395
-0.5046169624095282
-0.6971870473429228
-0.5244503216885722
-0.7117566789578207
-0.6972301728636512
-0.582592173791598
-0.6063452736645957
-0.7117566789578207
-0.6905151927177103
-0.6251233731769152
-0.7117566789578207
-0.703136475788927
-0.6856230313417102
-0.5590893703466834
-0.6251233731769152
-0.5233213780123865
-0.7276709001927115
-0.4560369867619457
-0.632729434796536
-0.7792751028734884
0.08075372215616503
-0.13291588698302212
-0.6129948942354384
-0.7818104567466906
-0.6992359313686145
-0.4962515997354027
-0.6860910966721526
-0.6683436195597175
-0.6869882218888207
-0.5661493557474537
-0.7839947616220695
-0.6380363894138651
-0.6682656086713067
-0.7082071835353427
-0.6785240404967402
-0.7597723807719086
-0.4500691537988705
-0.3861782361941029
-0.7714350085886521
-0.2872994351390874
-0.6913178261953702
-0.7695627472669024
-0.7695627472669024
-0.5945063136831314
-0.30075631338918973
-0.6708789734329169
-0.7692116982690735
-0.7501770414979332
-0.4569731174228248
-0.5007104159833753
-0.622902277063043
-0.6860910966721526
-0.27431062221945013
-0.7839947616220695
-0.37592850137903344
-0.6525464146574372
-0.3907115647320294
-0.7839947616220695
-0.5001107353990424
-0.6525464146574372
-0.7839947616220695
-0.6527392181458781
-0.582592173791598
-0.6080554599396643
-0.6000450867599952
-0.6286383010934804
-0.519147795482653
-0.4569731174228248
-0.5461785683154343
-0.7839947616220695
-0.6070782623253783
-0.7839947616220695
-0.7839947616220695
-0.16181892113755875
-0.7839947616220695
-0.43676829732558986
-0.14617773801209452
-0.622902277063043
-0.7800162063133461
-0.5022194326984836
-0.6773538771706455
-0.778963059319862
-0.7800162063133461
-0.7839947616220695
-0.5022194326984836
-0.1494932007693541
0.06858623777048
-0.08103864619281863
-0.1494932007693541
-0.5038186559108152
-0.4618487979482219
-0.1494932007693541
-0.48122580670682435
-0.27431062221945013
-0.38664630152453966
-0.6133459432332731
-0.2460706806163688
-0.4819366017128463
-0.6133459432332731
-0.5001107353990424
-0.4819366017128463
-0.4771834433079267
-0.635033685224088
-0.3986424989295238
-0.4642310687910562
-0.4239315647203118
-0.6094384626780359
-0.31940091571830137
-0.49679767595424457
-0.4050178657442218
-0.44503123037561165
-0.5019258058747211
0.4472120846504845
-0.6591773401719763
-0.252467573465681
0.16816713682112508
-0.6308983931246895
-0.538923555693651
-0.4085283557225057
-0.6308983931246895
-0.47054701200552357
-0.7839947616220695
-0.6796161929344297
-0.4085283557225057
-0.647124657913204
-0.5533165646046126
-0.7281779709673537
-0.778963059319862
-0.5305373851899701
-0.7839947616220695
-0.7800162063133461
-0.4974997739498968
-0.24876205626638417
-0.4292402465943828
-0.49352121864117343
-0.1926332220580448
-0.6104205349180308
-0.408957415608737
-0.011101884736559325
-0.45556892143151184
-0.5588163322372568
-0.6945942835084357
-0.7772078143307201
-0.386217241638297
-0.49769480117090975
-0.49769480117090975
-0.7570029942334795
-0.6411178195059148
-0.1972358644740295
-0.44265811940026556
-0.24610968606057138
-0.7839947616220695
-0.18128263779492754
-0.678446029608335
-0.27770409586512057
-0.7839947616220695
-0.3639482354736961
-0.5502686341688985
-0.6227830369978574
-0.34539062034190887
-0.4676186649438389
-0.62349130018853
-0.6286383010934804
-0.3038416849436821
-0.48681850335928345
-0.7550137165791249
-0.5447475624887369
-0.6885484396569524
-0.5296402599732992
-0.652819452766861
-0.7135899348353791
-0.647124657913204
-0.7124977823976897
-0.7135899348353791
-0.4776069974062939
-0.29958615006309514
-0.7135899348353791
-0.4776069974062939
-0.579801261218552
-0.517587577714524
-0.7839947616220695
-0.579801261218552
-0.4852910699143113
-0.5354130657153672
-0.7730342318009837
-0.7106645265201369
-0.7797041627597225
-0.7498259925001071
-0.7385144136811895
-0.6505961424472824
-0.7498259925001071
-0.7385144136811895
-0.36913045376484976
-0.7498259925001071
-0.554906382440907
-0.5155829954353156
-0.41861328636154044
-0.6426259509375651
-0.5838142162871818
-0.6810356935505908
-0.4353641013342769
-0.6950233433946755
-0.6622070951163652
-0.5597256530627487
-0.6733363164177224
-0.7100014339686873
-0.6486011486986341
-0.6427617642567341
-0.22918132327640478
-0.7100014339686873
-0.6719321204264066
-0.5143054043071733
-0.7839947616220695
-0.6245795111637797
-0.6719321204264066
-0.7839947616220695
-0.7839947616220695
-0.6245795111637797
-0.49535447451872616
-0.5641600780930878
-0.6245795111637797
-0.49535447451872616
-0.6049987781737919
-0.7421809254362866
-0.404744827634798
-0.6180656019818513
-0.7560278581284062
-0.6180656019818513
-0.752751400815338
-0.7839947616220695
-0.7839947616220695
-0.350761292857635
-0.49266309886870796
-0.26204379001751243
-0.350761292857635
-0.7507621231609805
-0.7839947616220695
-0.08690934554535044
-0.7058668568831507
-0.7797041627597225
-0.3875243040190609
-0.6736873654155485
-0.6827756339148846
-0.3875243040190609
-0.6736873654155485
-0.25531497089251803
-0.7467445624080573
-0.18552242252456724
-0.3875243040190609
-0.088714644667299
-0.4475211202078152
-0.463463325785396
-0.4251882860815533
-0.7839947616220695
-0.5137569801634603
-0.5664223938568747
-0.5151038989889799
-0.5597256530627487
-0.6496726814898645
-0.5664223938568747
-0.5150969453798097
-0.6664323527937625
-0.45174638789959876
-0.6767297900633956
-0.3746326247099642
-0.5664223938568747
-0.2814876239528339
-0.5922701535462059
-0.4626679122764819
-0.2814876239528339
-0.5184066920427925
-0.7839947616220695
-0.4520455816358612
-0.5470756935321108
-0.7839947616220695
-0.13108263110546933
-0.4520455816358612
-0.7839947616220695
-0.7839947616220695
-0.036052519209219716
-0.5713760852706741
-0.6279729848094502
-0.7839947616220695
-0.6990018987033932
-0.16278120742527086
-0.6943992562874228
-0.6943992562874228
-0.32098728911326907
-0.7092993359730236
-0.6704499135466913
-0.7839947616220695
-0.7092993359730236
-0.6704499135466913
-0.7685096002734184
-0.7839947616220695
-0.6859350748953423
-0.7839947616220695
-0.6859350748953423
-0.7797041627597225
-0.7839947616220695
-0.6784850350525404
0.187607938356229
-0.6613226396031526
-0.7520883082638883
0.04613519223139015
-0.5150443454197748
-0.6640692827324006
-0.7839947616220695
-0.17987861351671827
-0.5058859444535778
-0.7683924122277069
-0.6036725930708868
-0.16427626412235574
-0.37616452531971667
-0.4113343366261796
-0.6733363164177224
-0.015884947685786684
-0.4227767538103389
-0.6055334434389489
-0.6771198445054272
-0.6714250496517644
-0.05122388013384375
-0.40751421417321004
-0.46733070057744597
-0.7839947616220695
-0.05685039358619052
-0.40751421417321004
-0.7127318150629052
-0.6605553805364421
0.014412552972973752
-0.10861549524443893
-0.5394306264682847
-0.30084229689427205
0.0826837893209374
-0.40923045371816075
-0.30084229689427205
-0.16983745645028292
-0.563731018206848
-0.7758816292278123
-0.32425044061683994
-0.5487529276328391
-0.545732922236095
-0.5487529276328391
-0.37425542008528806
-0.3144082188602965
-0.7699918071531338
-0.7832146527380064
1.5903056324681213
-0.5875633446149717
1.5903056324681213
-0.5875633446149717
-0.17430066328253685
1.5903056324681213
-0.49640762151221307
-0.22477370808145006
1.9967813665092096
-0.31388895247683624
-0.73235155349709
-0.4110515139868954
-0.7320005044992668
1.3491349709600353
-0.7463935134102226
0.2970640395906174
-0.7082383105579984
-0.514201982490395
-0.5613004850574468
-0.7748363606558724
-0.179410204760077
-0.523360383456592
-0.47395117393702574
-0.1950125541544395
-0.3476691744797479
-0.20321589304591717
-0.623710703105474
0.013105889425822892
-0.3821882699316862
-0.5853010288512018
-0.5436822198864347
-0.4238574952943464
-0.5040526885760278
-0.08265247609292047
-0.41960590187621055
-0.12339855859744059
-0.0457435963896509
-0.7839947616220695
0.44631495943381083
-0.6326926435580199
0.1507707087065246
0.5180800995669617
-0.3082229394251081
-0.5163003980558245
0.2781966177175724
-0.5522019929158343
-0.5378869948932722
-0.5303033525247431
-0.7695627472669024
-0.7695627472669024
-0.5023364490310771
-0.5613004850574468
-0.23928373332501943
-0.20321589304591717
-0.29825996496018164
-0.5853010288512018
-0.5422390184509219
-0.41960590187621055
-0.43115151336033225
-0.6326926435580199
-0.19013687362904524
