0.20471503
0.9626039
-0.73416233
-1.1187626
-0.8812154
-0.6776034
-0.6549799
-0.36087373
-0.89252716
-0.72285056
-0.7454741
-0.8246565
-0.9264625
-1.299751
-1.0735155
0.3517681
-0.2816913
-1.3336864
-1.2431922
-0.6210446
-0.85859185
-0.56448567
-0.36087373
-0.63235635
-0.99433315
0.14815615
-0.85859185
-0.53055036
-0.71153873
-1.0395802
-1.0056449
-0.9717096
-0.6889152
-0.3721855
0.0011030737
-0.8133447
1.1549041
-0.9830214
0.22733858
-0.99433315
1.4829456
0.34045634
-0.7794094
-0.07807935
2.0937815
-0.4626797
-1.0169567
-0.45136794
0.14815615
-0.85859185
1.268022
-0.021520477
-1.2431922
-1.1866333
0.3970152
-0.8699036
-0.5192386
-0.5192386
2.2747698
-0.57579744
-0.85859185
-0.2816913
0.860798
-1.0622038
-1.1074508
-0.9717096
-1.0169567
-0.8472801
-0.53055036
1.4490103
-0.9830214
0.012414848
1.06441
-0.39480907
1.1775277
1.268022
1.0417864
2.0032873
0.36307988
0.51013297
0.1707797
-0.72285056
0.091597274
-0.6097328
-0.75678587
-0.9151507
0.5780036
-0.42874438
1.4490103
1.6413105
0.06897373
0.4535741
-1.7635338
-0.15726177
0.023726624
-1.1300744
-1.1300744
0.34045634
1.4376985
-0.3382502
-0.73416233
-0.93777424
-1.1187626
1.1209688
-0.89252716
-0.63235635
1.1322806
-0.25906774
0.2160268
0.5440683
-0.6889152
-0.70022696
-0.83596826
-0.30431485
1.0757217
-0.56448567
-1.0056449
-1.0735155
-0.34956196
-0.99433315
0.24996212
-1.1640098
-0.3269384
-0.6210446
0.13684438
-0.40612084
0.5327565
-0.6549799
-0.6210446
-0.8699036
-0.93777424
-0.9603978
0.0350384
0.81555086
-0.8472801
-1.0622038
0.10290905
-0.54186213
-0.5871092
-0.6889152
-0.6776034
-0.6436681
-0.598421
-0.8812154
-1.3789334
-0.3382502
-0.42874438
-0.8699036
-0.93777424
-1.5486101
-1.3110628
-0.93777424
-0.93777424
-0.15726177
-1.1753216
-0.8246565
-0.83596826
-0.7907212
-0.90383893
-0.73416233
-0.66629165
-0.99433315
-0.47399148
-0.6436681
-0.8133447
-0.8246565
-1.3676217
-0.8472801
0.11422083
-1.0961391
1.3472043
-0.6436681
-0.93777424
0.32914454
-0.89252716
-0.70022696
-0.044144027
-1.3336864
-1.0735155
-0.42874438
-0.30431485
-0.89252716
1.0417864
-0.12332645
-1.254504
-0.9264625
2.4896936
1.1775277
0.046350174
0.55538005
0.11422083
-0.6549799
2.1842756
-0.4626797
1.3585161
-0.06676757
-0.49661502
0.8381744
-0.75678587
0.14815615
-0.5531739
-0.85859185
-0.44005615
-0.8133447
1.109657
-0.7454741
3.926289
0.2612739
0.2725857
-0.80203295
-0.17988533
1.4942573
0.34045634
1.3358926
1.4376985
1.9467283
1.76574
0.29520923
0.0802855
0.91735685
-0.12332645
-0.14595
1.6978693
3.7113652
-0.22513242
1.3585161
2.817735
1.2793337
3.077906
1.9693519
-0.11201467
-0.12332645
0.4422623
0.47619763
1.415075
-0.4174326
-0.17988533
-0.6776034
0.2160268
-0.76809764
-0.03283225
1.3019572
2.0598462
-0.66629165
0.1707797
0.4535741
2.1842756
1.7204928
-0.45136794
-1.4241806
4.3108892
3.326765
1.5960634
0.19340324
2.3426404
0.012414848
-0.21382065
-1.0848273
1.663934
-0.13463822
2.670682
0.18209147
4.050719
3.077906
1.06441
1.7091811
-0.47399148
1.0417864
1.06441
1.8336107
3.881042
2.3991995
0.9965393
-0.29300308
2.376576
-0.07807935
-0.70022696
1.1549041
2.6367466
2.715929
-0.2364442
-0.45136794
-0.47399148
0.5780036
2.1842756
-0.66629165
0.7137449
0.51013297
-0.70022696
-0.5192386
3.383324
1.3019572
-0.21382065
4.1072774
-0.70022696
0.14815615
0.0802855
0.091597274
3.2362707
0.6345625
0.7929273
3.881042
-0.16857356
3.1684
1.2227747
-0.2816913
0.65718603
-0.16857356
2.8629823
1.7544283
1.5395045
2.218211
1.5055692
1.2906455
1.8901695
0.31783277
0.29520923
1.6299987
0.20471503
3.767924
2.3426404
-1.0395802
0.1707797
-1.0961391
0.74768025
1.1435924
-1.2318804
0.091597274
-0.3721855
0.3970152
1.3811396
-0.6776034
-1.152698
-1.4241806
0.7250567
0.43095052
0.37439165
-0.4626797
-0.42874438
-1.0282685
-1.1074508
-0.6097328
-1.050892
-1.1413862
-1.0735155
-0.49661502
-0.47399148
1.0983453
-1.0395802
0.74768025
-0.66629165
-0.25906774
-0.9603978
0.10290905
0.58931535
2.7385526
-1.0848273
-0.7907212
-1.0961391
0.8381744
-0.3269384
1.25671
0.7137449
1.0870335
0.32914454
0.9060451
-1.0622038
1.1888394
-0.25906774
1.4376985
0.11422083
0.9286686
-0.16857356
-0.9603978
2.4105113
-0.12332645
0.7250567
1.2453983
1.6865575
0.7137449
-0.9264625
-1.1413862
-1.299751
0.13684438
-0.3269384
0.5666918
-0.9830214
-0.8133447
-1.4015571
-0.90383893
-1.0282685
-0.20250888
-0.93777424
-0.39480907
-0.31562662
-1.050892
-0.80203295
0.37439165
-0.5531739
-1.4920512
-1.0169567
1.3924514
0.8947333
-1.1413862
-1.1753216
-1.2092569
0.1255326
-0.56448567
-0.20250888
-0.17988533
-0.9830214
1.3811396
1.2906455
-1.3110628
1.6073751
2.1729639
-1.4920512
-0.22513242
-0.6776034
2.6819937
-0.8812154
-0.8133447
1.5960634
-0.75678587
0.7363685
-1.0169567
-0.6097328
-0.44005615
0.7024331
-0.56448567
2.2860816
-0.6436681
-1.254504
-0.25906774
0.49882117
-0.598421
-1.4241806
-0.24775597
-1.0622038
-1.1413862
-0.63235635
-0.6097328
2.6254349
-0.16857356
2.7724879
-0.9151507
3.224959
-0.36087373
-0.9830214
0.7137449
-0.70022696
-0.83596826
0.4875094
1.6186869
-0.40612084
0.306521
-1.0735155
-0.71153873
0.8721098
-0.6210446
-1.0961391
0.69112134
0.3517681
-1.0622038
-0.16857356
-0.6889152
-1.254504
-1.2318804
-0.8812154
-1.1866333
-0.17988533
-0.39480907
-0.8699036
-0.63235635
0.24996212
-0.06676757
-1.050892
-0.70022696
0.32914454
0.8381744
-0.54186213
-0.66629165
-1.2884393
-0.598421
-0.75678587
-1.2205687
-0.8812154
-1.0169567
-0.03283225
-0.6436681
0.24996212
-1.299751
0.40832698
-0.07807935
2.7724879
-0.21382065
0.36307988
-0.06676757
0.40832698
-0.83596826
-0.31562662
-0.83596826
-1.0282685
-0.22513242
-1.4581159
0.64587426
-0.598421
0.0350384
0.6006271
-0.6776034
-0.80203295
-0.56448567
-0.5531739
-0.49661502
-1.1753216
-0.07807935
-0.7794094
-1.3336864
-1.0056449
-1.1300744
-1.050892
-1.1300744
-0.2816913
-0.39480907
-0.54186213
0.23865035
-0.6776034
-0.16857356
-1.0961391
-1.1866333
0.05766195
-0.9830214
-0.6549799
-0.3269384
-0.7907212
-1.3676217
-0.99433315
-0.89252716
-1.5938572
-1.3563099
-0.07807935
-0.6549799
-1.2884393
-0.54186213
-1.3449981
-1.3902453
0.65718603
1.4037632
2.6254349
0.7703038
0.6232507
1.8449224
0.0802855
0.81555086
-0.2816913
-0.76809764
-0.3382502
2.7951114
0.5327565
0.18209147
0.7137449
-0.6776034
-0.57579744
0.2160268
-0.30431485
-0.25906774
-0.36087373
-0.47399148
-0.48530325
0.69112134
-0.34956196
-0.21382065
-0.044144027
-0.36087373
-0.93777424
-0.3721855
0.10290905
-0.76809764
0.34045634
2.7046173
0.31783277
-0.40612084
-0.99433315
1.6186869
-0.93777424
0.22733858
-0.83596826
-1.254504
-0.57579744
-0.85859185
-0.72285056
2.0485344
-0.36087373
1.5734398
-0.6436681
0.0802855
-1.4015571
-0.30431485
-0.07807935
-0.8246565
-0.29300308
-0.6436681
-0.5192386
-0.7794094
2.5349407
-0.70022696
-0.1911971
-0.7454741
0.0011030737
0.4422623
1.7204928
-0.2703795
-0.70022696
1.109657
-0.30431485
-0.3382502
3.0100353
-0.36087373
-1.1187626
0.012414848
-0.75678587
-0.45136794
-0.83596826
-0.5192386
-1.0622038
-0.8246565
0.14815615
-0.63235635
-0.16857356
-1.050892
-0.6776034
-0.0554558
-0.6097328
1.5508163
-0.1911971
-0.47399148
-0.44005615
0.3857034
-0.48530325
1.3245808
-0.2816913
1.6073751
-0.2816913
2.5575643
-0.42874438
-1.2205687
-0.40612084
-0.4626797
-0.4174326
1.516881
1.3698279
2.6367466
0.34045634
-0.34956196
0.5327565
-0.71153873
-0.2703795
-0.76809764
-0.54186213
0.1255326
-0.5192386
0.69112134
-0.83596826
0.22733858
-0.5192386
-0.010208702
1.0417864
-0.76809764
0.7363685
-0.6097328
-0.6097328
-1.0056449
-0.72285056
-0.8812154
0.13684438
0.18209147
0.6232507
-0.6889152
1.460322
-0.25906774
-0.90383893
-0.6549799
-0.2816913
-0.2364442
0.51013297
0.13684438
-0.71153873
-0.30431485
0.046350174
0.15946792
-0.85859185
-0.7454741
-0.39480907
1.415075
0.22733858
0.18209147
0.88342154
-0.5871092
0.7363685
0.88342154
-0.4174326
-1.0848273
2.5349407
0.1255326
-0.38349727
-0.73416233
-0.044144027
-0.66629165
-0.6549799
-1.0622038
-0.8133447
-0.21382065
-0.63235635
-0.34956196
0.36307988
-0.24775597
-0.24775597
-1.1300744
0.47619763
-0.85859185
-0.2703795
-0.85859185
-0.57579744
-0.3269384
-0.7794094
4.016783
0.74768025
-0.5192386
1.3585161
-0.57579744
-0.06676757
-0.2364442
-0.6436681
-0.54186213
-1.1187626
-0.3269384
-1.050892
0.81555086
-0.63235635
0.14815615
-1.050892
-0.010208702
-0.3382502
-0.6210446
-0.3382502
0.860798
-0.31562662
-0.93777424
-1.0622038
2.7272408
-0.3721855
-0.5192386
-1.2431922
-0.66629165
-0.8246565
-0.90383893
-1.0622038
-0.6549799
-1.0961391
-0.9151507
0.7137449
0.13684438
-0.9151507
-0.5192386
-0.8472801
-0.3721855
-0.6097328
0.8042391
-0.7794094
-0.57579744
-0.53055036
-1.0056449
0.0011030737
-0.80203295
-1.2884393
1.7091811
-0.31562662
-0.08939113
0.3857034
-0.7794094
0.1707797
-0.3382502
-0.3269384
0.758992
-0.89252716
-0.2703795
-0.39480907
-0.56448567
-0.22513242
-0.5531739
-0.6097328
-0.47399148
-0.1911971
-0.4174326
-0.010208702
0.69112134
0.2725857
0.91735685
-0.31562662
-0.044144027
-0.5192386
-0.13463822
-0.21382065
-0.010208702
0.0802855
0.2160268
0.046350174
-0.63235635
-0.49661502
-0.17988533
-0.44005615
-0.100702904
-0.6549799
2.670682
-0.3721855
-0.100702904
-0.5871092
0.012414848
0.5780036
0.8721098
-0.598421
-0.1911971
-0.34956196
-0.42874438
0.091597274
-0.31562662
0.046350174
-0.2364442
-0.12332645
-0.24775597
-0.12332645
-0.20250888
0.046350174
-0.949086
-0.39480907
-0.14595
0.18209147
-0.6776034
-0.2703795
1.460322
3.575624
-0.49661502
-0.54186213
-0.07807935
-0.5192386
1.313269
-0.66629165
-0.83596826
-0.0554558
0.18209147
0.2612739
0.4422623
0.0011030737
0.4875094
-0.56448567
-0.6889152
-0.31562662
-0.53055036
-0.21382065
-0.06676757
-0.6436681
-0.20250888
-0.20250888
-0.010208702
-0.21382065
1.7318046
-0.044144027
0.6006271
-0.13463822
-0.07807935
1.3358926
-0.044144027
0.5440683
3.2136471
-0.44005615
-0.54186213
-0.39480907
-0.6889152
-0.54186213
0.95129216
0.15946792
-0.71153873
-0.11201467
0.13684438
0.758992
0.13684438
-0.49661502
-0.31562662
-0.45136794
-0.29300308
-0.12332645
-0.22513242
-0.31562662
0.14815615
-0.0554558
0.8381744
0.52144474
-0.2703795
-0.45136794
-0.15726177
1.2001512
0.24996212
-0.3269384
-0.044144027
0.6684978
-0.07807935
0.9965393
0.36307988
-0.15726177
-0.2816913
3.3154533
0.18209147
-0.13463822
1.3811396
0.11422083
-0.16857356
-0.34956196
0.10290905
-0.044144027
0.18209147
0.6232507
-0.17988533
0.012414848
-0.010208702
-0.53055036
-0.7907212
-0.11201467
0.64587426
-0.2816913
0.10290905
-0.22513242
0.10290905
-0.6776034
3.620871
-0.25906774
-0.13463822
0.28389746
0.0011030737
0.4422623
1.0983453
0.11422083
-0.6549799
-0.17988533
0.55538005
0.74768025
0.28389746
-0.49661502
0.2160268
0.3517681
0.22733858
-0.4174326
-0.36087373
-0.34956196
0.20471503
-0.1911971
-0.11201467
-0.4626797
0.06897373
-0.044144027
-0.021520477
0.2612739
0.0350384
1.3698279
0.4875094
0.41963875
-0.044144027
0.10290905
0.14815615
2.874294
0.1707797
0.0802855
0.43095052
0.49882117
-0.010208702
1.0530982
-0.8472801
0.9965393
0.14815615
-0.5531739
-0.13463822
0.023726624
-0.24775597
-0.42874438
-0.1911971
1.1775277
0.3517681
0.24996212
0.1255326
-0.5192386
-0.13463822
-0.85859185
-0.1911971
-0.48530325
-0.5079268
-0.76809764
-0.1911971
-0.8699036
-0.6097328
-0.9717096
-1.1187626
1.211463
-0.49661502
-0.38349727
0.23865035
-0.6210446
-0.9717096
-1.2092569
-0.75678587
-1.2884393
-0.31562662
0.8381744
0.9060451
-0.7907212
-1.0169567
-1.0169567
-1.2205687
-0.49661502
-0.021520477
-1.1979451
-1.254504
-0.99433315
-0.89252716
-0.021520477
-0.9603978
-1.5486101
-1.3223746
2.2747698
-1.0395802
-0.8246565
0.82686263
-0.7794094
-1.152698
-0.40612084
-0.9830214
-0.38349727
-1.2431922
-1.050892
-0.49661502
-0.9603978
0.23865035
-1.0169567
-0.73416233
-1.1640098
-0.4174326
-0.9603978
-0.949086
-0.70022696
-1.299751
1.211463
0.9286686
-1.0848273
0.9965393
-0.8246565
-1.1187626
-1.050892
-0.9264625
-0.949086
-1.4807395
-1.3449981
-0.9264625
-1.0395802
-1.1187626
-1.1413862
-0.80203295
-0.48530325
0.29520923
-1.4241806
-1.1187626
0.9626039
-1.3110628
-0.80203295
-0.4174326
-1.4468042
-0.6436681
-0.75678587
-0.9264625
-0.20250888
-1.0169567
-0.949086
-0.31562662
-0.8472801
-1.1866333
-0.44005615
-0.72285056
-1.3449981
2.2295227
-0.6889152
-0.5192386
-0.8472801
-0.80203295
-0.85859185
-0.73416233
-0.63235635
-0.5871092
-1.0169567
0.61193895
-0.9151507
0.8947333
0.40832698
-0.71153873
-0.30431485
-0.57579744
-1.1187626
-0.2816913
-0.7454741
-1.0395802
0.81555086
-0.57579744
-1.1413862
-1.3789334
-0.63235635
-1.0622038
1.3924514
-1.152698
-0.9717096
0.64587426
-1.0622038
-1.2205687
-0.5871092
-0.9151507
0.5666918
0.3857034
0.023726624
-1.1640098
-0.49661502
-0.9603978
-0.80203295
-1.0848273
-0.9151507
1.5847516
-1.2092569
-0.8133447
-0.8472801
-0.9151507
-1.2092569
-0.6549799
-0.83596826
-0.76809764
0.41963875
-0.6549799
1.007851
-0.56448567
-0.80203295
1.6413105
-0.31562662
-0.9830214
-0.76809764
0.05766195
1.6186869
0.306521
-0.53055036
-0.8472801
-0.21382065
-1.0056449
-0.6097328
-0.71153873
-0.85859185
0.0011030737
-1.2658157
-0.75678587
-0.5531739
-0.7907212
-0.70022696
-1.0169567
1.1662159
-0.08939113
-1.1640098
-0.8133447
-0.9603978
-0.80203295
-0.15726177
-1.0282685
-0.6436681
-0.2364442
-1.1300744
-0.11201467
-0.8812154
-0.021520477
-0.34956196
2.4783819
0.49882117
1.415075
0.43095052
1.2001512
1.3811396
-0.14595
0.46488586
-0.21382065
1.3811396
-0.49661502
1.007851
0.012414848
1.0191628
-0.34956196
1.9806637
1.7996753
1.0417864
-0.70022696
1.4263867
0.19340324
0.758992
-0.08939113
2.116405
-0.1911971
1.5055692
4.5597486
0.8947333
4.220395
1.1662159
1.5847516
1.0983453
-0.56448567
1.5055692
-0.021520477
0.860798
0.91735685
0.860798
2.2408345
1.268022
0.6232507
2.3878877
1.9354166
1.6186869
0.6006271
2.614123
3.530377
2.8969176
3.3720121
1.5734398
2.3652642
1.5847516
-0.7454741
-0.3382502
0.0802855
-0.45136794
0.5440683
-0.9717096
-0.85859185
-0.17988533
-0.16857356
0.5327565
0.5327565
-0.7907212
-0.0554558
-0.36087373
0.7929273
-0.3721855
-0.07807935
-1.0848273
0.97391576
-0.48530325
-0.2364442
0.14815615
0.46488586
1.4942573
-0.100702904
-0.85859185
-0.2816913
1.211463
-0.71153873
-0.5079268
1.0757217
-0.6776034
1.8562342
-0.66629165
-0.63235635
-0.021520477
0.6798096
-0.12332645
1.6186869
-0.80203295
1.415075
0.51013297
-1.2318804
-0.3721855
2.1955874
-0.044144027
1.460322
-0.8699036
-0.24775597
0.34045634
-0.07807935
0.9852275
0.0011030737
0.23865035
-0.5192386
1.3472043
-0.76809764
-0.17988533
-0.75678587
-1.1074508
-0.2816913
-0.80203295
2.670682
-0.45136794
-0.9603978
-0.48530325
-0.8133447
-1.1640098
0.046350174
1.1775277
-0.4174326
-0.76809764
0.0011030737
-0.31562662
-0.57579744
-0.9603978
-0.70022696
-0.56448567
-0.7454741
-0.1911971
3.5869358
0.1707797
-0.38349727
-0.598421
0.81555086
0.1707797
0.74768025
0.023726624
-0.20250888
1.1662159
0.15946792
0.24996212
2.817735
-0.0554558
-0.2816913
0.15946792
1.1775277
-0.66629165
2.3200169
-0.34956196
0.32914454
2.1955874
0.4535741
0.46488586
-0.34956196
-0.15726177
-0.54186213
0.3857034
-0.20250888
2.9761
0.2160268
0.47619763
-0.3382502
0.18209147
-0.16857356
-0.75678587
0.20471503
0.1255326
-0.1911971
-0.16857356
0.3517681
-0.44005615
0.1707797
-0.0554558
0.8042391
-0.13463822
-0.80203295
-0.24775597
-0.24775597
-0.2364442
-0.54186213
-0.4174326
-0.24775597
-0.3269384
1.3811396
-0.6436681
-0.6097328
2.2747698
0.3970152
-0.39480907
-0.8472801
-0.2364442
0.13684438
0.05766195
2.2295227
-0.45136794
-0.42874438
-0.5079268
0.8381744
-0.2364442
-0.2364442
0.7137449
2.0598462
0.69112134
-0.48530325
0.61193895
0.5327565
0.7024331
-0.39480907
-0.71153873
-0.3721855
0.06897373
-0.8133447
-0.021520477
2.3991995
-0.38349727
-0.4174326
0.8381744
0.82686263
-0.31562662
-0.3269384
-0.44005615
-0.9717096
-0.56448567
-1.299751
0.14815615
-1.0735155
-0.7907212
-1.0848273
-0.7907212
-0.40612084
-0.9151507
-0.11201467
-0.25906774
-0.70022696
-0.63235635
0.18209147
0.758992
-0.38349727
-1.0169567
-1.2884393
-0.66629165
0.2725857
0.0802855
0.8381744
-0.9151507
-0.9151507
-1.3902453
-0.80203295
0.046350174
-0.76809764
0.0350384
-0.6097328
-0.31562662
-1.050892
1.9014813
1.5847516
-0.12332645
-0.8246565
-0.9603978
0.18209147
-0.16857356
-0.6097328
0.14815615
2.9647882
-0.8812154
-0.99433315
-0.6776034
-0.49661502
-0.71153873
-0.48530325
-1.0056449
2.5462525
-0.5871092
-0.7454741
-1.3223746
-0.42874438
-0.89252716
-0.93777424
-0.73416233
0.97391576
-1.0056449
0.1707797
-0.75678587
-0.73416233
-0.7907212
-0.71153873
-1.1753216
-0.3721855
-1.0622038
-0.99433315
-0.2816913
-0.5871092
-0.80203295
0.5780036
-0.15726177
-1.1074508
-0.12332645
-0.6210446
-0.34956196
-1.0169567
-0.8699036
0.9626039
0.2612739
0.14815615
-0.8812154
-0.76809764
-0.54186213
-0.90383893
-0.93777424
-0.9717096
3.123153
-0.044144027
-0.6889152
-0.54186213
0.13684438
0.2160268
0.9060451
-0.34956196
-0.598421
0.4422623
-0.6549799
-0.75678587
0.7250567
-1.0395802
1.2001512
-0.29300308
1.2227747
-0.08939113
-0.73416233
-0.5531739
-0.70022696
-0.57579744
-1.0395802
-0.8699036
-1.1753216
-1.0395802
-0.2364442
-0.5079268
-0.31562662
0.97391576
-0.3721855
-0.9151507
-0.56448567
-1.0056449
-0.20250888
0.3970152
-0.57579744
-1.0395802
0.8947333
0.10290905
-0.2364442
0.6684978
-0.73416233
-0.6776034
-0.25906774
-0.5079268
-0.75678587
-0.66629165
-0.90383893
-0.3382502
-0.8812154
-0.49661502
-1.152698
-0.54186213
-0.1911971
-0.66629165
-0.53055036
-1.1300744
-0.3269384
-0.6889152
-0.90383893
-0.75678587
-0.9264625
-0.14595
0.37439165
-1.2205687
-0.29300308
-0.73416233
-0.9830214
-0.45136794
-0.38349727
0.9060451
-0.89252716
2.161652
-0.34956196
0.1707797
-0.5531739
-0.76809764
-0.70022696
-0.70022696
-1.5712336
-1.0622038
1.7431164
-0.949086
-0.8699036
-0.6210446
2.4105113
-0.22513242
-1.0961391
-0.36087373
-0.6889152
-0.66629165
-0.73416233
-0.72285056
-0.54186213
-0.93777424
-0.24775597
-0.8472801
-0.6097328
-0.36087373
-1.3902453
-1.1187626
-0.4626797
-0.4174326
-0.89252716
1.1662159
0.8042391
-0.48530325
-0.31562662
0.13684438
1.0191628
-0.4174326
0.61193895
0.4875094
-0.06676757
0.1255326
-0.20250888
-0.16857356
-0.4174326
0.84948623
0.9060451
3.0100353
-0.6210446
-0.20250888
0.0802855
0.8381744
0.3857034
1.516881
1.3585161
0.5440683
1.9806637
0.2612739
-0.13463822
-0.29300308
1.0530982
-0.1911971
-0.8472801
2.2747698
-0.56448567
1.5055692
-0.2364442
-0.03283225
0.20471503
0.046350174
-0.13463822
-0.6889152
0.46488586
-0.31562662
-0.8472801
0.31783277
-0.5192386
0.13684438
0.3857034
0.3857034
0.8721098
0.2612739
-0.6436681
-0.100702904
-0.34956196
-0.13463822
-0.1911971
0.97391576
0.24996212
-0.20250888
1.3019572
-0.73416233
-0.49661502
-0.53055036
-0.5192386
-0.16857356
-0.0554558
1.4376985
-0.40612084
-0.6889152
0.49882117
-0.40612084
-0.12332645
0.0350384
0.41963875
-0.29300308
-0.6776034
-0.22513242
0.023726624
-0.9264625
2.1503403
-0.56448567
-0.17988533
-0.39480907
-0.16857356
1.867546
0.19340324
-0.044144027
-0.25906774
-0.36087373
-0.22513242
0.046350174
0.2160268
-0.8246565
-0.2364442
-0.16857356
-0.56448567
-0.2703795
0.5327565
-0.63235635
-0.12332645
-0.54186213
0.0011030737
0.3970152
-0.15726177
-0.7794094
-0.7794094
0.5440683
0.2160268
-0.48530325
-0.47399148
-0.13463822
1.8222989
-0.021520477
0.0350384
-0.6436681
0.6232507
0.13684438
-0.4626797
-0.34956196
-0.6436681
0.7929273
-0.45136794
0.2160268
-0.63235635
0.06897373
0.41963875
0.0350384
0.05766195
-0.06676757
-0.0554558
0.18209147
0.0011030737
-0.6549799
1.867546
0.49882117
0.1255326
0.758992
0.4535741
-0.63235635
0.5666918
-0.07807935
-0.25906774
0.46488586
-0.5079268
-0.30431485
1.0983453
1.8449224
-0.17988533
-0.16857356
0.4535741
-0.6436681
0.23865035
0.6232507
-0.29300308
-0.76809764
0.31783277
-0.8699036
-1.1640098
-0.56448567
-0.47399148
-1.050892
-0.75678587
-0.93777424
0.06897373
0.88342154
-0.5192386
0.0350384
1.0304747
1.3698279
1.211463
-0.25906774
1.9693519
1.7431164
1.5395045
2.0259109
1.4829456
0.82686263
0.4875094
2.9421647
1.7204928
1.0870335
1.0304747
-0.71153873
1.3811396
0.97391576
1.8901695
3.1910236
2.2295227
2.3313286
2.4783819
3.4511945
0.7024331
0.69112134
0.0350384
3.6095593
1.4716338
1.3811396
1.06441
1.3811396
0.06897373
-0.1911971
-0.949086
0.05766195
0.0350384
-0.9603978
0.82686263
-0.3721855
0.6232507
-0.8246565
0.43095052
-0.5079268
-0.8472801
0.6798096
4.9669724
-0.70022696
-0.9830214
-1.3676217
-0.3269384
-0.71153873
-0.5192386
0.306521
0.9626039
-0.5531739
-0.021520477
2.2408345
-0.13463822
-0.100702904
0.9965393
-0.44005615
-0.12332645
-0.40612084
2.1050932
-0.11201467
-0.20250888
0.69112134
-0.2364442
0.012414848
0.11422083
0.31783277
-0.3269384
0.2612739
0.95129216
0.29520923
0.046350174
1.5055692
1.25671
0.41963875
-0.2703795
-0.49661502
0.012414848
0.0011030737
0.41963875
0.13684438
0.046350174
1.3019572
-0.66629165
0.43095052
0.8042391
1.7883636
-0.42874438
2.5123172
4.435319
0.31783277
0.34045634
1.516881
1.3019572
0.9626039
-0.44005615
-0.2703795
0.8042391
2.0485344
1.1435924
0.95129216
1.1888394
2.3313286
0.1707797
2.0259109
1.0983453
-0.11201467
-0.2364442
-0.0554558
0.0802855
1.516881
0.11422083
0.41963875
3.4172592
1.1322806
0.9286686
-0.17988533
0.13684438
2.930853
-0.6097328
0.47619763
0.10290905
-0.80203295
-0.30431485
-1.0622038
-0.16857356
0.0011030737
-0.25906774
-1.0169567
-0.9717096
0.6006271
1.6978693
-0.30431485
0.69112134
-0.75678587
-0.08939113
0.46488586
-1.0622038
0.15946792
1.8222989
-0.1911971
0.091597274
0.0011030737
-0.40612084
-0.83596826
0.1707797
0.31783277
-0.100702904
1.0530982
-0.24775597
0.6232507
-1.0961391
2.8856058
-1.0622038
1.3585161
-0.21382065
-0.17988533
-0.85859185
-0.39480907
-0.2703795
-1.1753216
1.5395045
-0.9264625
-0.13463822
0.41963875
0.9286686
-0.6549799
-0.1911971
-1.0056449
0.5666918
1.0417864
-0.010208702
-0.72285056
0.012414848
-0.70022696
-0.021520477
-0.70022696
0.2612739
0.023726624
-0.8133447
2.421823
-0.4174326
-0.5871092
1.3472043
-0.1911971
1.9354166
-1.0169567
-0.1911971
4.084654
-0.021520477
-0.13463822
0.1707797
-0.38349727
-0.6889152
0.9852275
1.1209688
-0.6776034
-0.7907212
-0.8699036
-0.7907212
-0.3269384
-0.4174326
-0.90383893
-0.57579744
-0.5079268
-0.73416233
-0.5531739
-0.54186213
1.007851
-1.3676217
1.3811396
-0.83596826
3.1910236
-0.5531739
-1.1979451
2.0259109
-0.3269384
-0.8133447
-0.1911971
-0.80203295
-0.15726177
0.43095052
0.47619763
-0.85859185
-0.06676757
-0.24775597
-0.010208702
-0.17988533
1.5055692
1.9580401
-0.12332645
0.55538005
0.36307988
-0.08939113
-0.021520477
-0.598421
-0.010208702
0.22733858
1.415075
-0.3269384
-0.1911971
-0.4626797
-0.11201467
0.22733858
-0.6889152
-0.49661502
-0.22513242
0.11422083
-0.2816913
-0.03283225
0.58931535
-0.16857356
-0.07807935
-0.0554558
-0.14595
-0.54186213
0.306521
-0.16857356
-0.36087373
0.2612739
-0.010208702
0.0011030737
-0.36087373
-0.30431485
0.3970152
0.47619763
-0.30431485
0.24996212
-0.14595
0.88342154
-0.22513242
0.58931535
-0.044144027
-0.11201467
-1.1640098
-0.3269384
-0.044144027
-0.75678587
0.9852275
-0.21382065
-0.5871092
-0.9830214
0.9060451
-1.0735155
-0.4626797
-0.21382065
0.69112134
-0.5531739
-0.73416233
-0.90383893
-0.8472801
1.1549041
-0.9603978
-0.42874438
3.5077534
0.11422083
0.69112134
-0.71153873
1.8788577
-0.38349727
-0.6097328
1.7996753
1.9014813
-0.7794094
1.6073751
0.5440683
-0.63235635
-1.1979451
-0.598421
-1.0056449
-0.72285056
-1.3902453
-0.7907212
-0.31562662
-0.5531739
0.14815615
0.6684978
-0.598421
0.28389746
-0.598421
0.24996212
0.46488586
-0.49661502
0.15946792
-0.85859185
1.109657
-0.9264625
-0.47399148
-0.044144027
-1.1074508
0.5327565
-1.0622038
-0.71153873
-0.6210446
-1.1979451
0.14815615
-0.83596826
-1.0282685
-0.4174326
-0.9830214
0.61193895
-0.89252716
0.012414848
-0.47399148
-0.57579744
-0.6776034
-0.6436681
-0.6097328
-0.5079268
0.15946792
1.109657
-0.30431485
-0.6097328
0.6684978
-0.53055036
-1.2884393
2.1050932
-0.39480907
0.012414848
-0.72285056
1.211463
-0.80203295
-0.8133447
0.023726624
-0.7907212
-0.24775597
-0.36087373
-0.38349727
0.06897373
-0.57579744
0.6006271
-0.21382065
0.43095052
-0.66629165
-0.29300308
1.2340865
-0.80203295
0.0350384
-0.4626797
-0.70022696
-0.57579744
0.81555086
-0.4174326
0.28389746
0.5440683
0.15946792
-0.57579744
-0.3269384
0.22733858
-0.7794094
0.046350174
-0.24775597
-0.9830214
-1.0169567
-0.03283225
-0.9830214
-0.24775597
-0.044144027
-0.07807935
-0.17988533
-0.6776034
-0.8133447
-0.7907212
0.7250567
-0.45136794
0.15946792
-0.66629165
-0.7454741
-0.44005615
-0.66629165
-0.47399148
0.012414848
-0.15726177
0.13684438
-0.7907212
-1.0848273
1.1435924
-0.63235635
-0.44005615
-0.71153873
-0.40612084
1.8449224
-0.5079268
0.7929273
-0.2364442
-0.89252716
0.1255326
0.34045634
-0.75678587
-0.7907212
-0.29300308
-0.06676757
-0.45136794
1.1209688
0.15946792
0.6798096
-0.2816913
0.6345625
-0.14595
0.0350384
3.5416887
1.3472043
0.3970152
-0.3382502
-0.14595
-0.6097328
0.23865035
1.268022
-0.47399148
-0.14595
-0.06676757
-0.36087373
1.3472043
0.5666918
-0.4626797
-0.31562662
-0.0554558
-0.20250888
0.91735685
0.47619763
-0.29300308
-0.72285056
0.18209147
-1.1187626
2.2860816
0.9965393
-0.17988533
-0.06676757
-0.48530325
0.29520923
0.5666918
-0.15726177
2.218211
-0.45136794
0.2612739
0.1255326
1.9014813
-0.6210446
0.28389746
-0.72285056
0.29520923
-0.16857356
-0.34956196
1.8562342
1.313269
-0.13463822
-0.6210446
-0.57579744
2.2973933
3.2475824
-0.08939113
-0.7794094
-0.3269384
0.1255326
-0.0554558
1.4376985
0.91735685
1.7431164
-0.53055036
0.6232507
-0.70022696
-1.2318804
-0.11201467
-0.83596826
-0.34956196
-0.6549799
0.36307988
-0.6549799
-0.89252716
0.6345625
0.52144474
-0.07807935
-0.03283225
0.9060451
0.14815615
-0.07807935
-0.5079268
0.05766195
-0.9264625
0.3517681
2.9534764
0.9286686
0.8042391
-0.6549799
-0.45136794
0.49882117
0.31783277
-0.53055036
-0.5871092
-0.39480907
-0.5871092
-0.5079268
-0.38349727
-0.07807935
0.13684438
-0.47399148
-0.1911971
0.7363685
-0.0554558
0.69112134
-0.24775597
0.2725857
2.6480584
1.1322806
2.8064232
0.7137449
2.6819937
-0.8812154
0.5327565
-0.83596826
-0.100702904
-0.20250888
-0.949086
1.9580401
0.1707797
-0.3721855
2.2521462
-0.6097328
-0.80203295
-0.8699036
-0.73416233
-0.6776034
-0.45136794
-1.3336864
0.5440683
-0.16857356
-0.5531739
0.15946792
0.41963875
1.3019572
0.32914454
-1.0169567
0.31783277
-0.80203295
-0.010208702
0.023726624
-0.6549799
-1.1753216
0.97391576
-0.2703795
-0.57579744
-1.254504
-0.25906774
0.22733858
-0.14595
0.2612739
1.8222989
-0.89252716
0.20471503
-0.13463822
-0.73416233
-0.9151507
0.9626039
-0.17988533
0.023726624
-0.40612084
-0.2816913
2.4105113
0.7703038
0.14815615
-1.299751
-0.21382065
-0.08939113
-0.2364442
0.012414848
2.6028113
0.023726624
-0.6776034
0.82686263
0.7137449
-0.25906774
0.22733858
-0.5871092
-0.22513242
0.3970152
0.1707797
0.05766195
-0.3269384
-0.29300308
-0.16857356
-0.08939113
0.012414848
0.5327565
1.1775277
1.3585161
0.6798096
-0.2816913
0.012414848
-0.38349727
-0.31562662
0.3517681
0.9399804
1.06441
2.3652642
-0.11201467
0.28389746
-0.36087373
0.11422083
0.15946792
-0.29300308
0.49882117
1.0417864
0.6232507
0.88342154
-0.14595
-0.010208702
-0.48530325
-0.45136794
-0.85859185
0.2160268
0.758992
0.7024331
-0.70022696
0.19340324
-0.021520477
1.4263867
0.2725857
0.74768025
-0.7907212
0.3970152
-0.76809764
-1.1413862
-1.1187626
0.18209147
-0.08939113
-1.1979451
-0.8246565
-0.5079268
-0.45136794
-0.08939113
-0.5079268
-0.8812154
-0.76809764
-1.2092569
-0.21382065
-0.9151507
-0.25906774
1.8562342
-0.76809764
-0.71153873
-0.7454741
-0.021520477
0.29520923
-1.1187626
-0.15726177
-0.53055036
-0.6210446
-1.0169567
-0.5192386
-1.1753216
-0.45136794
0.9060451
-1.1300744
-1.2318804
-0.8699036
-0.80203295
-0.8699036
-0.7794094
-0.42874438
-1.0056449
-1.0282685
-0.73416233
-1.1979451
-0.56448567
-1.2205687
1.6299987
-1.3449981
-1.1300744
-0.9264625
-0.83596826
-0.42874438
0.6232507
-0.598421
-0.9830214
-1.254504
0.5666918
-0.54186213
-0.7794094
-0.16857356
-1.3902453
-1.0056449
0.4422623
-0.70022696
-1.4468042
-0.53055036
-0.7794094
-0.83596826
-0.8812154
-1.1187626
0.306521
-0.949086
-0.2703795
-0.36087373
0.9965393
-1.0848273
-0.7907212
-0.53055036
1.0983453
-1.0282685
-0.8699036
0.1255326
0.4422623
-0.598421
-0.9264625
-0.75678587
-1.299751
-0.8699036
-0.7907212
1.211463
-1.3449981
-0.06676757
-0.9264625
3.8471067
0.74768025
-0.99433315
-0.73416233
-0.54186213
-0.06676757
0.023726624
0.4875094
-0.73416233
-0.06676757
-1.1187626
0.15946792
-0.31562662
0.2612739
-1.2658157
0.23865035
0.7250567
0.88342154
1.4716338
-0.53055036
-0.14595
0.88342154
2.0598462
1.8336107
0.06897373
-1.0282685
-0.4174326
-0.72285056
0.36307988
-0.5079268
-0.48530325
-0.75678587
-0.45136794
-0.6549799
0.28389746
-0.83596826
-0.70022696
-0.14595
-0.47399148
-0.010208702
-0.36087373
-0.72285056
-0.3382502
-0.6889152
3.3154533
-0.15726177
-0.29300308
1.4829456
-0.20250888
-0.93777424
0.046350174
-0.5192386
-0.5531739
-0.93777424
-1.0169567
-0.9603978
-0.949086
-1.0169567
0.97391576
-1.1300744
-0.598421
-0.34956196
2.3652642
-0.76809764
-0.6436681
-1.0961391
-0.38349727
-1.4807395
-0.6889152
-0.6549799
0.47619763
0.1255326
0.0802855
0.6232507
-0.9830214
-0.5079268
-0.45136794
-0.6776034
-0.3269384
0.091597274
2.5123172
0.2160268
-0.90383893
-1.3789334
-1.0056449
0.9286686
-1.2658157
1.4942573
0.5327565
-0.54186213
-0.6097328
-0.63235635
0.012414848
-0.021520477
-0.9603978
0.5780036
-0.6549799
-0.8699036
-0.12332645
0.20471503
-0.13463822
-0.53055036
1.007851
-0.16857356
0.14815615
-0.39480907
1.8901695
0.23865035
-0.5192386
-0.4174326
-0.6210446
-0.45136794
0.4535741
-0.5531739
-0.70022696
-0.80203295
-1.3223746
-0.30431485
-0.7794094
-0.7907212
-1.050892
-0.40612084
-1.1074508
2.071158
-0.2364442
-0.80203295
-1.0622038
-0.39480907
-1.2205687
-0.8699036
-0.17988533
2.3313286
-0.6549799
0.36307988
0.9286686
-0.3721855
0.2612739
-0.7794094
0.4875094
-0.7794094
-0.44005615
-0.6776034
0.11422083
-0.7454741
-0.54186213
-0.34956196
-0.34956196
-1.2771275
-0.73416233
0.11422083
-0.47399148
0.758992
-1.9784576
0.8947333
-0.2703795
-0.49661502
0.22733858
-1.7748456
-1.1413862
-0.63235635
-0.31562662
0.4535741
-0.5871092
-0.90383893
-0.14595
-0.100702904
0.55538005
-0.4626797
0.43095052
-1.152698
-0.42874438
1.313269
-0.80203295
-0.8246565
-0.06676757
0.55538005
-0.38349727
-1.4920512
-0.8133447
0.0350384
-0.6889152
1.1549041
-0.71153873
-0.47399148
-0.9830214
0.6232507
-0.48530325
-0.9717096
-0.90383893
-0.56448567
0.2160268
-0.9830214
1.2001512
-1.0282685
-0.010208702
-0.66629165
-1.0735155
-1.1074508
1.6073751
-0.34956196
1.8788577
-0.72285056
-0.76809764
-0.89252716
-1.1413862
-0.8812154
-0.598421
-0.7454741
0.0350384
-0.53055036
0.47619763
-0.71153873
0.1255326
0.5780036
0.78161556
-1.1866333
-0.40612084
0.7363685
-0.2703795
-0.25906774
-0.5079268
1.0870335
0.51013297
-0.36087373
-0.8246565
0.06897373
-0.66629165
0.15946792
2.8403587
-1.050892
-0.9603978
-0.6549799
-1.0282685
-0.54186213
-0.42874438
-0.5871092
-0.3721855
-0.1911971
-0.1911971
-0.8246565
0.34045634
-0.34956196
-0.71153873
-0.36087373
0.0802855
-0.2816913
-1.2318804
2.0937815
-0.17988533
-1.0169567
-0.47399148
-0.24775597
-0.48530325
-0.2816913
-1.1866333
-1.3110628
-0.21382065
0.1707797
1.7883636
-0.80203295
-0.08939113
1.6413105
-0.53055036
-0.8812154
0.14815615
0.3517681
0.88342154
-0.42874438
0.6232507
-0.100702904
1.6299987
-0.30431485
-0.45136794
1.268022
-0.14595
0.023726624
-0.44005615
3.3946357
0.05766195
-0.39480907
1.9014813
1.6186869
0.7929273
0.7250567
0.3517681
1.7318046
1.3472043
0.64587426
3.1570883
-0.6776034
0.3517681
1.3924514
1.7204928
1.3019572
0.14815615
0.9852275
2.1390285
1.6299987
1.6073751
-0.20250888
3.620871
-0.36087373
-0.5079268
-0.20250888
-0.54186213
5.8719144
0.1255326
-0.03283225
0.7024331
-0.66629165
0.6006271
-0.76809764
-1.299751
-1.0056449
-0.13463822
-0.08939113
-0.80203295
-0.93777424
-0.53055036
1.867546
1.3698279
-0.7907212
0.14815615
-0.4174326
-1.1187626
-0.72285056
-0.72285056
4.424007
1.6073751
-0.38349727
1.0757217
-0.03283225
0.91735685
-0.34956196
0.31783277
2.0598462
-1.050892
0.49882117
-1.3110628
-0.6210446
1.8336107
2.218211
-0.9717096
-0.07807935
0.6798096
2.9421647
-0.3721855
1.3245808
-0.11201467
0.97391576
-1.0169567
4.2882657
-0.100702904
-0.85859185
0.34045634
1.007851
-0.5531739
0.9286686
2.7385526
1.007851
0.51013297
0.0350384
0.3970152
-0.89252716
0.4422623
-0.8699036
-1.0056449
-0.6889152
0.8947333
0.2612739
-0.17988533
2.0372226
-0.4174326
1.3472043
-0.8133447
1.5734398
0.3857034
0.40832698
-0.9264625
-0.9603978
-0.03283225
-0.5871092
-0.598421
0.9286686
1.9241048
-0.14595
-1.254504
-0.8246565
-0.044144027
0.3857034
-0.40612084
-0.8246565
-0.5531739
2.4783819
4.684178
0.0
0.0350384
-0.6889152
3.3041413
1.0530982
-0.0554558
-1.254504
-0.3269384
-0.57579744
3.7792358
6.2225795
-0.03283225
1.9919755
-0.8699036
0.36307988
1.7544283
-1.0395802
2.7951114
1.3811396
1.0191628
0.7024331
-0.39480907
0.4535741
0.6232507
0.046350174
-0.5871092
1.7770518
-0.06676757
1.6752458
1.7318046
0.4535741
1.2001512
1.2906455
0.6798096
1.516881
-0.12332645
3.224959
0.9060451
-0.7454741
-0.17988533
1.0304747
0.4422623
0.49882117
0.7250567
0.0350384
-0.5079268
-0.31562662
-0.49661502
-0.53055036
0.20471503
-0.5192386
-0.57579744
1.313269
1.9467283
3.0552824
1.1209688
1.5734398
0.05766195
-0.6776034
-0.08939113
-0.24775597
-0.34956196
-0.40612084
-0.39480907
0.46488586
2.8403587
0.49882117
0.14815615
1.0417864
0.9626039
-0.2816913
1.4490103
-0.70022696
0.7250567
1.3924514
3.1344647
-0.47399148
-0.8812154
0.023726624
-1.2431922
-1.050892
-0.3382502
0.7137449
-1.2658157
-1.2092569
-0.83596826
-0.93777424
-0.39480907
-0.8472801
-0.21382065
-1.2884393
-0.3721855
-0.89252716
0.012414848
-0.44005615
0.9286686
0.5440683
-0.5871092
-1.2431922
-1.3110628
-1.6164807
0.091597274
-0.47399148
-1.1300744
-0.12332645
-0.8246565
-1.0848273
2.116405
-0.71153873
-0.40612084
-0.73416233
0.9626039
-0.6889152
-0.76809764
-0.48530325
-0.8133447
0.43095052
-0.21382065
-0.22513242
-1.0961391
-1.1074508
-0.80203295
-0.48530325
-0.71153873
-1.1413862
-0.48530325
-0.8472801
-1.2431922
-1.1187626
-1.0395802
-0.15726177
-1.254504
-0.8472801
0.24996212
-0.39480907
0.9286686
0.8381744
-0.2703795
-0.3721855
0.8947333
-0.100702904
-0.949086
0.23865035
-0.54186213
3.1118412
-0.49661502
1.0530982
0.20471503
0.58931535
1.2453983
-0.53055036
0.091597274
-0.66629165
0.012414848
0.091597274
-0.31562662
0.3517681
0.05766195
-0.70022696
0.36307988
-0.8699036
0.47619763
-0.6436681
1.211463
-0.31562662
-0.7454741
-0.5531739
-0.0554558
0.32914454
-0.70022696
-0.80203295
-0.40612084
0.97391576
-0.29300308
-0.53055036
0.4875094
0.7703038
2.9761
-0.3382502
0.7024331
-0.100702904
0.9286686
-0.45136794
0.37439165
-0.38349727
-0.010208702
-0.66629165
1.3924514
0.20471503
0.22733858
-0.56448567
0.2725857
-0.71153873
-0.22513242
0.0011030737
0.5440683
0.7024331
0.046350174
0.88342154
2.3652642
-0.40612084
-0.5531739
0.6798096
-0.13463822
3.2475824
-0.010208702
-0.100702904
-0.3269384
-0.0554558
0.1707797
0.15946792
0.15946792
-0.06676757
0.78161556
0.758992
0.0011030737
0.13684438
0.14815615
0.9286686
-0.100702904
0.9965393
0.3970152
-0.22513242
3.5982475
-0.15726177
0.1255326
-0.3721855
0.0
0.0
0.0
0.0
0.0
0.0
0.0
0.0
0.0
0.0
-0.45136794
0.1707797
0.20471503
-0.66629165
0.10290905
-0.6889152
0.15946792
-0.36087373
-0.40612084
-0.21382065
0.7363685
0.36307988
0.9852275
0.06897373
-0.021520477
0.97391576
0.06897373
0.31783277
-0.22513242
-0.9603978
0.19340324
-0.100702904
-0.9151507
-0.5192386
-1.0961391
1.109657
0.1707797
-1.0961391
-0.54186213
0.0011030737
-0.16857356
2.761176
1.3358926
0.22733858
0.28389746
0.15946792
-0.100702904
-0.4626797
0.11422083
0.23865035
-0.70022696
-0.3269384
-0.56448567
-0.14595
-0.6889152
-0.20250888
0.23865035
-0.949086
-0.34956196
0.0802855
-0.100702904
-0.57579744
-0.07807935
-0.56448567
-0.53055036
-0.54186213
-0.48530325
0.5440683
-0.17988533
-0.15726177
-0.15726177
-0.044144027
-0.4174326
0.15946792
1.5960634
-0.29300308
-0.34956196
0.23865035
0.8947333
0.046350174
1.5508163
-0.25906774
-0.31562662
-0.11201467
-1.0056449
-0.44005615
-0.66629165
0.0011030737
0.0
0.0
0.0
