-1.2987703840502445
-1.4347184311407386
1.849496061298779
0.007574539653654263
0.36649520121459134
0.8188159397949114
0.4886905087945047
-1.3014650023691214
-1.14613015779877
-0.09501828576185681
-0.5514014734361512
0.2729724443928897
0.27603131708522344
-0.4358659441622881
-0.6053766283399696
1.5848080234808024
-0.2645974676279963
-0.9284176164789228
-0.6955809503948662
-0.8679544426775462
-0.45041662598211324
-0.0589672241371353
-0.642684668696307
-0.36591565462140957
-0.02640720867012836
1.4607632852304742
1.265780194610832
0.417287374007665
-0.4941807823137353
0.6337330978968406
0.38503265297210854
0.5458797450555388
-1.3303550074501045
2.3400647706164306
-0.2098179030442753
1.954971919691395
2.1560074178797426
-1.182021063689326
1.683463890635148
-0.9132934917147131
-0.3086413878886928
-1.3274720378705374
-0.5862784144726253
-0.2176807691619365
-0.6186014235081542
3.2060179580206376
-0.761279565910576
0.46049220040286376
0.23927279609557034
-0.43788050523871513
-0.5862784144726253
-0.040478655894934
-0.3682294900431956
0.3800247263462483
0.0390069822063239
1.4907439823830209
-0.2551321097584295
0.42673284033996467
-0.5022547580113763
2.0965791562054314
0.4399901024348626
2.0796613042354526
2.551803556798899
0.5815400632341182
0.9880480578311984
0.5657939578450327
-0.9619999758867966
2.7852259149918033
-0.1473011079326715
-0.044801753462767976
0.39181750099082685
-0.34813233846276936
-1.5532414803255528
-0.8432679621034272
0.05768053342133683
-0.4821518358609594
-0.26817197036199386
0.04643000014006559
0.4496470470069587
-1.3880930370784763
-0.005746538394857164
-1.2969833903307295
-0.9356125898185284
-0.7495199254142334
-1.768790578534329
2.2750589878252687
1.013916394360749
-0.1642740506477253
1.0799710539423808
-1.1331860755254974
-0.8494628004938474
-0.3812371239355458
0.7695786786017196
0.35707146738226414
-0.033155018846905825
0.6623533097106472
-1.0244606090455848
-0.9515652439200946
1.3358625684297332
-0.8272742546425811
-0.08498841376889356
0.5163680027369997
2.22986287974458
3.5387020652136707
0.10184156281082017
-0.6262940646040241
1.9936683234558945
-0.9595691857744111
-0.6762388323095996
1.7171515806839293
-0.0003084712512125067
-0.5325978280491948
-0.6030951462971045
0.31728484161127507
-0.07250946134960111
0.7658869942764217
2.1731781795281067
0.03354033530528791
-1.3925326332405725
0.6658439625406454
0.9993767649490648
1.9089797222297387
1.6978647478717637
-1.2101631243836108
0.5880730256211073
-1.6050701211360667
-1.2450050370482584
3.4476253091130395
-0.2675343081854893
-0.2548227667016862
-1.0179251433197773
0.09600984716753297
-0.6514165388795209
-0.19103905127247658
0.4058268929995142
0.019761848392204115
-0.8144377712783682
0.06878644671222824
0.3498362898289088
0.3099313362141138
-0.39102068475393464
2.63536430669018
-0.4009251867479544
0.19800140880114495
2.0453570495181763
-2.354264555996405
-0.604322118826216
1.2227307941672545
2.2880694873330687
0.12265174528413804
1.0505146638531242
-1.1141880612156827
0.28748916188778967
1.0095016891055066
-0.41735785826030625
-0.7271655737947259
-0.08550772341973804
-0.4954025625418965
-0.28047242565929603
-0.41611447555773845
0.10795774307235795
-0.5047487679887708
0.9322676859635961
1.205582262850788
-1.1581901585372594
0.17200301887126218
-1.7252370674977613
-0.9352308635254619
-3.926455306054827
-0.8344424243591129
-0.7204280532979549
-0.4178108983005386
-1.4561906915808487
2.114073969364714
2.7369390303629135
-0.13709229942105552
1.5017114174266657
-0.598049272312998
-0.10084973481948968
0.5590221047584174
-0.8377685647987393
-0.8398987953271113
-0.9491930817049908
0.07303441587468414
-0.7424225900264897
-1.2008115831221549
-0.014849664274434878
-0.8016976117870565
0.017972125909234603
-0.9039734131542463
-0.3405972663231451
-0.25405038994495843
-0.5017025099552068
-0.42547179518950434
-0.7147041238883473
1.7865666255613109
-0.023566934256495146
1.2868091276893459
0.06914809066919837
-1.0244606090455848
-1.0354198933540402
-0.45237841254241556
-0.4454303820670199
-1.057713042261978
1.3261423009858748
0.46026123040522243
0.7758839913281466
1.8263065480159002
-0.15031524622184742
0.3525964277697809
-1.028240654913056
0.18015988630473728
1.6226914541601054
-0.394868994220083
0.5426786258568084
0.7761799641311947
-0.4285983760360233
0.3315437178118185
-0.9743663379387311
-1.0015658796039717
-0.8405093933938962
-0.5592246992896105
-0.1282697044650451
-0.5455504059794842
-0.055175753482397547
0.5338892521388542
-0.5606482583787253
0.5029825421964204
-0.312783965586569
-0.8341413311797111
-0.46930069006240377
-0.24247939860077491
-1.133793627129047
-1.9992808719246837
0.19007318087596184
2.903508809154858
-0.4647219812689063
0.16365802985612854
-0.4212241363329631
-0.5226278441171995
-0.7904124239045136
1.2333106922912256
0.283179264037109
-0.36162319832566103
1.1496222767326807
0.38159060678155393
0.5338285047823581
0.12960919169852644
0.1274708103451388
0.4236914719095921
1.5504397617172125
-0.5213255934352323
-1.0461731499023297
-0.5582782946570843
0.1820224091989114
-0.7497667817070989
-1.030143324937863
0.013917558223936725
1.1480293355404132
-0.6625388164427505
1.5688549412563875
0.7318035462805347
-1.1833848964618259
-0.056824300571081614
0.795700684643279
-0.07453031567023927
-1.8755149527030992
1.0058965657697332
-0.3284806271738
-1.3460691331266437
-0.10236069190671883
-0.05580532758816731
-0.7363976469202954
-0.9429311159417816
1.6667692795782336
1.5171335430007744
-1.266866104610712
-0.24587240758666684
0.21329982044987986
-0.2030549141467935
1.1319667362354973
-0.5387238204529531
0.169667996997049
-0.17420297928890968
-0.7295137746534859
0.8735929336246527
-0.21485592118857905
2.817227685819265
-0.5691292819937658
0.2103252856365093
3.9890875272496786
0.7088302270411372
-0.8969402935271922
0.7263705847945683
0.4200891148887906
-0.2451916413758235
-1.1032960761384545
-0.5204596316519446
1.8590849993442822
-0.3084659980188441
-0.789598293040493
-0.5704242237502182
-0.028674945092615752
-0.26467657619021295
0.3301547824344453
3.1118783014653637
2.7658685459073564
-0.403876174098053
0.5341200131600262
-0.28195285030469147
-0.32300243635637704
-1.0643765164329595
0.478658656352398
-0.5358739945341783
-0.3698465557828299
1.7613940726434278
-0.07286241986063681
0.5067020876388114
2.5242609274356753
1.7676437216998717
-1.2410769228112155
-0.15800678547602398
-1.0888284574921894
-0.4302286412172714
0.24222126717347248
0.028758433158737072
-0.5854379539799557
-0.03013265451783028
-0.042024293444188614
-2.048323118534642
-0.33328602579168815
-1.0202477505813092
0.8407062670336023
0.8633254244929729
-1.182021063689326
0.49637429035345676
-0.7577426379127605
-0.6173327082850534
0.047648360455830804
0.3359929273873517
-0.00734399789312365
2.002996471358781
1.845869017262631
-0.3494816754758914
-1.0354198933540402
-0.15677660024404302
0.28477334344500493
-0.9367598243678157
-0.389003555524305
1.222916572050348
-0.9871022669997636
0.23087225402915526
0.08646822857116956
0.5696429512527291
-0.8341413311797111
0.708475499230636
-0.729043098318827
-0.994491901809804
-0.492962494554066
-0.45919176961070957
-0.9064626831793396
0.5620691154433168
-0.32119190951416016
0.41408105926004424
-0.6739591423837161
-1.030143324937863
-0.8893355967904293
-0.37514479844465004
0.13657833833936714
2.276109449775984
0.12721852924108484
-1.3460691331266437
-0.8173213910590116
1.090618380469892
-0.7115319862844965
-0.20752856516160773
0.916315497834228
-0.2536647258360096
-0.8497749186899405
0.138610199088163
-0.6625388164427505
-0.5715605343239293
2.729793957625737
0.1990421191909058
0.3600593797755373
0.04236912249305148
1.137991456357428
-0.5023929319071292
1.275092534839644
-0.5643079932753102
-0.3646133699296299
0.8924045996346547
-0.8538533936192176
-0.5317086815979477
-0.4329205462770796
1.1548045908998212
-1.2864159718483825
0.19663663406486587
0.7749672373582103
0.8854811065262483
0.43968713645251717
-1.2864159718483825
1.1405421994849316
0.6685451912811976
0.9922006282263512
-1.5310551953663827
0.42512079611762255
0.7432175054384613
-0.49485911665670335
2.0028970471420395
-0.2917873286052377
0.07235327427564081
-0.7470591946886316
-0.8132897641796288
-0.7266974821741227
0.6330212617283153
-0.2984149333437149
1.5107396307479248
-0.6696405795319726
0.9512367632904968
-1.6598865102927127
-0.5300833819493265
2.2141684824047014
0.21936524113213035
1.6047011913546656
-0.6893211650602594
0.17072318860805447
-1.4261820037278101
1.7089241280263168
2.051859490343572
-0.3719783084544019
-0.8389845353174873
0.916345212494891
-0.5844315842615526
-0.7689590057062015
0.6188774905802398
0.06434950246024895
-0.32582404168823176
-1.0690514888391964
0.7427414651060001
0.6943306187750906
2.1613482683542746
-0.927667268789128
-0.7898694972352742
-0.8187705504889247
-0.20435774682033694
1.2973420687609305
-0.8832129433719129
0.6114382859188912
-1.0137760825377857
-0.18561560984334677
-1.5749313499030901
-0.3575702645045878
-0.3384283182440398
-2.6496820667231633
2.604765543337039
-0.2917873286052377
-0.3124298339685895
-0.30436497819904895
0.23958795016757042
1.752475986485776
-0.7812754340946868
-0.5123195783756835
-0.08317579687784964
-0.5713980186393227
1.5337154059182037
-0.09501828576185681
2.9986084610491037
0.22348727596718262
0.011772334099294955
0.282018171488357
2.3681276562493982
1.4053774702751938
-0.44579325767661065
-0.22223983522796245
-0.8064659112257156
-0.9183977129338643
0.20680674273600574
-0.2795702467108717
0.5917374295479036
-0.9302992856622228
-1.0466684403447266
-0.21924245350583796
0.22604657557623373
-0.21183994756578722
-0.4229410610842692
-0.9980142142359469
-0.5236434638808781
2.149274467936106
0.8951979770298215
-0.37689130092993267
0.9425289121679669
1.0207621442413297
-0.7426653683741071
-0.05309991687693108
-0.6373404309265103
2.300342356742535
-0.8718825569145894
-0.8098641807463527
0.006445317738129633
-0.5584358828924595
-0.5096404131671557
1.0303289046207464
0.0843805566147688
1.808882654138355
-0.8592463613122359
-0.6551577272250296
1.2475750036521558
-1.4107684577326993
-0.7527402638454119
-0.3479399242934884
0.8500014884119176
-0.7492732120193747
0.538661137309206
1.8811825872164831
0.05905231512629556
-1.1223956921530438
0.22941042395983552
0.09314922278629877
-0.7828736761340679
-0.40343769939094437
-1.4409222870813776
-0.5345306992882254
1.4533886058082937
-0.6587325630945948
-0.19599333356773146
-0.3152711603435001
-1.386990326559788
0.36199125915934843
-0.7001719898810725
0.25631583192344115
-1.10103807150465
0.5317090850468162
0.7275059275494936
-0.5137364592608193
-0.8386802172911932
-1.1319735643870092
-1.6087601647732936
-1.305084534762528
1.312487150793502
0.3456811685582528
-0.7174420179573194
-1.7634295345428888
0.15170545455292417
-0.015598731970096173
-0.2688105880169254
-1.4359519989417502
-1.774219917915342
-0.46802388450077276
-0.49134350921610986
-0.07518916185772799
0.13639314248866236
-1.4600948169974808
0.18404250248984824
1.447941960471739
-0.45115123813362373
-1.104997465135323
2.8094801787716612
-0.8290550262209813
0.15685647535041122
2.154261437079446
-1.1344020460442454
0.33995597209325606
0.32671189708841436
0.8711881963303547
0.5716378905177026
-1.1895767348249509
0.6805018417351498
-1.5173792398491663
-1.3420859510714849
-1.107848294344774
-1.4189987318158996
-0.7953301405160468
0.0019829180193640158
-0.11342284062627926
-1.1759372547562328
0.25766514789259515
1.3149802298699924
-0.4879902474041648
-0.8920852668293879
-0.3204698468633164
0.11916210970065488
-0.8359510892184101
0.31385813094500237
0.40251631762585216
-0.09805780449760633
-0.45200988906271633
0.7554620930203034
-0.8003052636760685
0.22280723391182203
0.5758752826988294
-0.1314989247779133
0.2739796068412295
-0.6973240913839686
0.21079223758527704
-1.3551697787820705
-0.984096328449574
0.5465524741189604
0.20813938636882381
1.934868812007739
-0.6371507991646645
1.0380622151349972
-0.49067074289216955
-0.3428723466955598
0.6051947198452576
1.0698807278641733
-1.3151997261686976
-0.4562052648165434
-0.44785540925089906
0.07925742419224592
0.11444269726462124
-0.1907728858444861
-0.07926617372214474
0.7655202939933422
-0.8965916657959188
0.10587348238473195
-0.8972892066680199
0.9128045290085032
-0.3700491210802351
0.03585269053714235
-0.8050579238939134
-0.26278201165809073
1.5973482568888833
-0.5188765904414624
1.4830536168019708
-0.412965773485259
-0.24670593459336887
-0.550162976733988
2.6838070000091356
0.3500046474758608
0.5762054208890962
0.3304877568037886
-0.9735306565382086
-0.8976384056860942
-0.2472372108876156
-1.2578239695987947
-0.7607724898510964
1.4976211855553787
0.6855871970958547
-0.4538557012926162
-0.09784379626929966
-0.05760229942299956
-1.1827024345422343
-0.5131691415361637
-0.766897587526755
0.012970040585834897
-1.139300920413981
-0.03545904315050835
0.13142466505968642
1.7319898813736947
0.3905269704734544
-0.11054760091488337
-0.4329205462770796
1.63187186594284
1.5001283698525678
-1.3947698949539518
2.1677203802445795
-0.6436460888597378
-1.6924364735791535
2.166417178287549
-0.15702235338777962
0.6504699335741645
0.012020411741757829
-0.28960083371086814
1.011562295930425
-0.02559376840634783
0.35639030255505755
-1.2969833903307295
-1.6315976299626058
2.506397470231815
-1.0207137947805276
-0.8362534640999958
-1.1241752244991865
-0.8158771423787027
-0.3029778414897202
0.2865351662399586
-0.22295661537961792
0.16095624812650508
-0.7610259524679733
0.09444569355494702
0.48887957572900503
0.7317653657885386
2.800877801746378
0.34310388887832044
-0.015951690481131882
-0.41095382304056177
0.5953180092250041
-0.7380760635164925
0.8590643170355328
2.2113327839586137
-1.0142350996825507
0.7687182741002504
-0.467896414071314
-0.5944322997327857
-1.0325336698336118
-1.2881591128374843
0.4681724133253233
0.62513119140729
2.118744403471207
-0.40552448365954863
0.002912926552423441
-0.588640559588186
1.189362037966483
-1.606911149388487
0.8924203145874677
-0.5183023938201312
0.06354445866376637
-0.0002233849307630838
0.2442155982177672
-0.5867834874660237
-1.0383257958231535
0.00828399934464619
-0.19197194146483826
0.23698702844943328
-0.0994514834933249
-0.45856785297503233
-0.12976594308261422
1.5450863635757723
-0.08905591013309452
-1.1725945130893727
1.510270363973451
-1.227228136191573
-0.15732974422527887
0.1015736405152032
0.34730291178682476
1.4224785289556927
0.665487259757731
-0.42535643522731215
-0.9209729315103385
-0.6281462942803571
-0.4671323910802429
1.4698165433072348
-0.5709108430735496
-0.6962337930719943
-0.41962788960666353
-0.7904124239045136
-0.8144377712783682
-1.0536636305382572
1.1639962511279596
-1.633557161587878
-1.2594537894729798
-1.8968292628105565
-0.2421791009820682
0.7602602401029481
0.012681247036812828
0.38410137520114274
-0.14228485558450757
0.9354379031661545
0.3971083879710247
-0.8941592240981927
-0.3682294900431956
2.414790161079073
-1.3592777371175173
0.05086781829799493
-0.25212554981241214
-0.9220813778509178
-1.4084458504711677
-0.9909984611216244
-0.45434927098034084
-0.11237002202204603
-0.46106901847329246
0.29203456354464696
0.11716435618130756
-0.15201252148105504
0.8675721153111248
0.35742083212243586
-0.366015995381783
0.8639362915334028
-1.041741248153133
1.0928694917413633
-1.4359519989417502
-0.41431236979575303
-0.3713681474658386
0.04144428152750095
-0.8948527919936737
-0.1276382583053761
-0.8417332201579134
2.3466620845716704
0.084903434091367
0.014780847154941412
0.09553440781240835
2.4629972601810692
-0.9768832589015009
-1.2718802492411903
1.1840944395840214
0.6574814998142207
-0.6292615082905497
-0.7264636290117578
-0.08003497444360116
-0.6202381980393566
-0.42374466580558834
-0.8705691587173469
0.08017428139017392
-0.5827595641582024
1.0420668110656515
-0.541592830463857
-0.7092805421807133
-0.8482166084430565
1.5100613617244039
1.7845635794040813
-2.10375142075795
-0.9535521816806748
-0.23740289407623766
-0.25082160648966767
-0.6328123949463483
-0.16627909934531196
2.504683313791947
0.13360550435325644
-0.5567056088219424
1.4044016495668203
-0.27924265455199415
-0.39059523188334794
-0.1307471007264738
-0.1392678305262552
1.6963296912777304
0.44814924852567906
-1.3124171436335057
0.6902928674815197
-0.49485911665670335
0.2751850684869275
0.40479201419630434
-0.14742126507406977
0.029274771315206043
0.07084371882129464
0.03760795609389095
-1.062829518808081
-0.8067480677257379
1.0015922182526653
1.6558486806799602
-0.9007941390667278
0.13759547955362764
-1.0801634092904366
0.33399749975971066
-0.7969820704047559
-2.8016959925273
-0.30995911761321154
0.5706805934561279
-0.8497749186899405
-0.1999850518151384
0.5351266119732634
-0.4941807823137353
-0.3272876958512458
0.14237119328741912
-0.021504974052905818
-0.39219287480523035
-0.45471982371579783
-0.6721029689201525
-0.6565443803859649
0.9472391422193412
-0.2671362532600217
-0.0003084712512125067
0.3391125859570279
-0.03026957074036545
0.33279184866512823
-0.5117541423024082
-0.5596986908614133
-0.41792423359643743
-0.1754204123014363
0.49535154897963773
-0.3118991876526216
-0.7229711425655314
0.6543336933057137
1.538310155598515
1.576100124356428
-0.5026694141599115
-1.386990326559788
1.888353287268685
0.48941930527332955
2.1668395562492795
2.791660962124045
1.3503750390454456
-1.3265153654649966
0.5258814526530141
0.05589431984630449
-0.0329712338601354
-0.7744181501417892
-0.8389845353174873
-0.20326035998240224
2.039036187041927
0.6479767582315134
2.8148335272169387
0.31073189985617106
-1.3697242742609799
-0.19849223985910394
0.025246674597292375
-0.13756174446669217
-0.02822043147620366
1.7150236606714986
-0.8738602745131833
0.48844729942928605
0.1889830220063078
-0.8695867594094194
0.1123246586112636
2.8431258130174246
2.2201670435160965
0.7618358329425525
-1.9078999470005567
0.18318582405524594
0.7362018757096435
1.7922960859795365
1.6063898163299157
-0.7901408741165968
1.320779028155088
0.3198419328756849
-0.885244070541229
1.218067151350206
1.03786490411599
-0.45719844295947687
0.3119810558274294
-1.2325604338868559
-0.1202457235207313
0.42304592096191423
0.9064505022920988
0.07830321099889276
-0.6442239836977259
-0.7542348207634731
-0.2470853500708589
-0.845425928119898
-1.2820890577528063
-0.1689883238191606
-0.3630160014531809
-0.2199542061390548
-0.2427799079576406
0.7138293851623688
-0.879179499598863
0.25430722592140037
0.26217056965848434
-0.08131939883118515
2.3496415748414106
-0.4268585557765023
-0.7818075157839167
-0.5412899183134245
-0.769217385452046
0.6964016214753859
-1.2562003585772712
-2.218540410869409
-0.9129312329783115
-1.7503147343111078
0.45035703100297975
-0.28112975739201507
-0.12126168914537519
0.12201358183823492
-0.06107190682278065
-0.7810096421448702
0.34297081210385955
-0.175548765676211
0.9824066042737142
-0.5970127155530424
-1.092675526351718
-0.26050392606583317
-0.6003038313488787
-0.20525145888430307
0.07957502109367044
-0.5072574582925453
1.04072256007483
1.7076737208830672
0.4082971351719559
0.758305843200249
0.0533509668238383
-0.3630160014531809
-0.6893211650602594
0.3269093844084379
0.3663152344110911
-0.42408953221230833
-0.4671323910802429
0.6509871298400335
-0.105725568345838
-0.9515652439200946
-0.5006001559550275
-1.0160761279349706
-0.8190609746076362
-1.1881929758895247
-0.327379341347291
2.0022465425244715
-0.5781125062125829
-0.2098179030442753
0.1790161060413415
-0.431396946164091
0.4080687073387613
0.5470121513640072
0.1414874402301515
-0.1977477901017597
2.4269566487328804
-0.38186158906955975
0.8072998870986177
-0.9437088485986894
0.05753196788511631
0.96851761392754
2.4818970113218315
-0.05692147279624386
-1.060775551566611
-0.965672355141979
-0.5562349324872835
-1.0272924957284115
-0.8538533936192176
-0.1976801772868773
2.6302367255017267
0.2819962336488096
-1.5647833138680807
0.6720384150504198
0.03776363041859393
0.32858434216013876
-1.078024396631321
-1.318000595248242
-0.6044976893241542
1.10545574583934
0.49412634553767953
-0.7567374549522019
0.6140935411723325
0.3093556437836765
-1.0526572608198541
-0.5910158695932147
1.1914187780694652
-0.8417332201579134
2.4791842590331252
-0.7705116390361455
-0.772851246252914
-0.2961942606201851
-0.7032603901904918
-0.04513248699125689
-0.017012323241831384
-0.6288894459555133
-0.7115319862844965
-0.664555845184834
-1.4733730678075707
0.03157084299406431
-0.055563073629665116
-1.15562269669023
0.212629130817424
-1.8358400585017747
-0.20538911953721742
0.5806483228416176
-0.4874561654073098
-0.325094095240964
0.08930494236917974
0.2104031464979834
2.5853529580663883
-0.7304566895905622
-0.851025682251503
0.06394717064278063
-0.2684113398587196
0.09556838536077551
0.6577087008781654
0.7901435806241655
-0.31234134702179217
-0.05653291675545785
-0.5486198998212974
0.022996758630091436
-0.5158706518912728
0.3059472859933934
-0.1448453225579642
-0.642876779304796
-0.7441249498613152
0.4300627674229297
-0.8491509107047973
-0.7455895471023208
-0.34325271028860327
1.199881572642891
-0.10090360543546459
0.36329850271618996
-1.5173792398491663
0.8453996906794627
-0.5728628955442816
0.17274072838376386
-1.0971151225138145
-0.7707709620607066
-0.02469176303745652
-0.5394769526116772
2.079593440006064
-1.3142701786296258
-0.09998872972319106
-0.49080521122510984
-0.4443436053343766
-0.5930624395652392
-0.3839497724616069
0.13543501316753845
-0.21782250424063457
-0.7620413129904218
2.0829330810697924
0.0030395888083618017
-0.7262299040935245
-0.7906841468194984
-0.9018512641503701
-0.5131691415361637
-0.540987221299481
0.2183730486093466
2.7455405344793733
-1.3707831502782377
-1.6704626702991492
1.2986466287029397
0.39924647845738026
0.11006470180292448
-0.3330073136001427
-0.9962494192600136
-0.9743663379387311
-1.0216474148202825
0.4596832571979621
-0.37617128588140336
-0.6200560234788924
0.6156206278424635
-0.27998009132146956
0.2543306362851819
1.0087607739781632
-1.3592777371175173
1.073197669929698
1.2628953989880423
0.09965980340552262
-0.1860101153121661
0.4996648959016234
0.4906849857127365
-0.8927754651627665
0.5666722977104928
-0.2851781878535891
-0.7858194441633332
-0.3782317074806171
0.5658953971833004
-1.0737783104253302
-1.529513792681842
-0.5668725583821934
0.3034929680220715
0.18157836682993828
1.4829356847175958
-0.07988110331452716
-0.9036189870400851
-0.1604159081644528
-0.7079353625967287
0.5033220272736718
-0.2525098230128359
-0.3095194215278721
-0.6593312951683152
-0.5297885376776454
1.438804988796811
0.9989934828997414
-1.0987919668187436
-0.03485879757051288
-0.09977374995685895
0.43027970908293806
2.350800231859935
-0.3101351231402709
-0.4022342147881826
0.9141208004273143
-0.631500729086242
2.702820211136167
0.13753390368445764
-0.49080521122510984
0.07167104234457809
-0.4474907743696377
2.2730268410861236
1.8457672180801
-0.5751516479905888
1.3297019637468195
-0.17825315454545054
0.017196961748136962
-0.8320396138920536
0.44983945115344903
-0.48267930793041264
-1.2101631243836108
2.2804907917791386
-0.7759908359769311
-0.8669780450506874
0.6793721103651301
0.9861982781511806
-0.016702699270554823
-1.228744854438959
1.3052851984242786
-0.33720725605115515
0.7026121678034384
1.2391555734395805
-0.41713151870229576
-0.011691657523859223
0.1616551234583738
-0.9555484259752538
-0.8598853380102109
-0.0570186671815495
-0.40245277755077574
0.628004838406458
-1.9856049164074678
0.3395919873458098
-0.06551098919290438
2.560701882486993
-0.23777411383467487
-1.5341548263212048
-2.018226096567283
0.14916633527791887
-0.8014187780331022
2.229679749440578
-0.16140821915455636
-0.7311652473227028
-0.13213612111201556
0.6889187023181639
-0.39144656275861134
0.4855451264169859
-0.7522432406080722
0.5031653754545652
0.6044026554627171
0.318535102144424
2.5551413639752676
-0.21457446344170344
0.17446651254944043
0.7311998942322994
0.4538600025444054
-0.5379720168046357
-0.03026957074036545
0.38287381248486757
-1.4273910751137673
0.8202826727687248
-0.5596986908614133
-0.8423464539007139
0.12449703391681526
0.8414802960199239
-0.7001719898810725
-0.32182471939688645
-0.3192990979157566
0.05753196788511631
0.27464972864236403
-0.9624064588720365
-0.5928915162111466
0.47539627063211953
-1.2442165125352327
0.1474851995381187
-0.47691271177212674
0.7779926085550465
-0.45670156458467015
0.5501926997780362
-0.21142080570832028
0.5529548894242861
0.9321054522979286
-0.8417332201579134
-1.0960008803687908
0.05675114804341923
-0.03954462664159745
-0.6846329466321193
1.7531744861038114
-0.6015227828004345
0.6325588936384329
-1.1101427675996471
1.3514736499461144
-0.7720699492830292
-0.4879902474041648
0.43055847191260355
1.8436344812428496
-0.7392789922792725
0.5066632394159764
-0.6099765616686387
-0.46815139306648584
2.234329437651963
0.33943863756356046
-0.823734878915604
-1.0910225286323507
1.1922879520703689
-1.0183886532922894
-0.25606148838086035
-0.5600149783547548
-0.7651019895388399
-0.44773382962442393
-0.5523327135248919
0.9477086950149647
0.12702922036424527
1.2096503056072063
3.1926604681877455
0.8926821451958626
-1.6747677309206674
0.14829657501309523
1.998045547577756
-0.0754428356808931
1.2395083704874181
-1.0092128978577826
0.19542878100356703
-0.8164542546912813
-0.0067820457948409045
0.1015736405152032
0.344185970060461
-0.8519661696748158
0.04707768769341972
-1.0861016575462565
-0.9089665776191369
-0.6835745965036646
0.4662119019307841
0.11261855406783551
0.027444912299782846
2.1768064818259845
-0.822268770219358
-1.0046980529074714
-0.46662380226366373
-1.6455074036525594
-0.46853414780951447
-0.23099489781471033
2.226098848609667
-0.17388317933564565
0.11062261628764646
-0.8855835348186079
0.9184841693712281
-0.33927572300779196
-0.48004845156595705
-1.0758960657278696
1.434319182141418
-0.4833395673617934
2.8330124644267523
0.2630659667465699
0.6224946874376195
-1.09157281583303
-0.6320623773700937
-0.9547488058950734
-0.5930624395652392
1.5810768629792096
-0.5675161181537277
-0.7359193108681573
-2.0863531937402295
0.6504976564334914
-1.0643765164329595
0.08978737800349032
2.795275779167385
-0.5772879801714813
0.8795298803203593
0.009408366521586524
-0.20039309146116205
1.0474673521360167
-0.17222407680320204
0.6464029211996147
-1.2418596546707399
3.5408351584021003
0.5897173818176867
0.14428477914090743
-0.8997396295529742
-1.0774913166647404
-0.21838991637665559
0.5771284496551838
-0.4259335475398915
1.517931059222046
0.23669434396198946
-0.9191319032579184
-0.7218133114331321
-0.3629163644269604
1.0003822599428671
-0.6421088558939472
-1.180661581267987
-1.0501516840695784
2.4944795168695264
1.0310900425706215
-1.3208199928136126
0.16083965740557044
1.2406483204447252
-0.5008754772680372
-1.5026813220401383
1.1232060340596743
-0.9344684350972388
0.13023609094771346
-0.1514662312404196
1.7177736900533165
-0.2551321097584295
1.6798554931258447
0.4587423758216781
-0.6878238578017739
0.1615096189068542
1.1255586729025793
-0.523498227083522
0.7176353813452021
0.012144396434331737
-0.3516107312907034
-0.49188248795087736
-0.3913400533546541
0.9218315305247149
-1.2410769228112155
-0.6601309152484958
-0.1561015088573173
-0.6016972036654499
2.1213535448846206
1.7952405308483133
0.8978025073715872
0.5030478487927873
0.8118361442591859
0.611347128286987
1.513296757808586
-0.8795141657940859
2.6021362992343886
-0.6071399629931783
2.8134575254468506
-1.0612881161235403
-0.428714616968891
-1.4201875676710245
-0.6073166983793797
-0.5531103042855969
-0.452747254952037
1.3602144925884392
-0.005401927599678689
0.24526906117868327
1.8669853546018795
1.5331193613924776
1.153656822353257
-0.024286482601248355
0.846632092016446
-0.4363391025541741
0.3664772079535448
-1.5173792398491663
1.4866726339887446
-0.2551321097584295
-1.8024552323083813
0.4182764535584153
-0.21640727007381766
-1.0716710261435711
0.03208378717580931
0.05901529793968926
-0.7882448546921803
-0.3558030302749847
-0.35170775972088164
-0.7975341396240695
-0.9858114107548572
-0.7559851204625508
1.0342375113639704
0.35237329751152746
0.9727684835778572
0.06049348333794217
0.4829654543441224
0.3069002382873148
0.8812003149453038
-0.12199695120953541
2.186120961103854
-0.5623946460541055
-0.6270339907928553
-1.06852950790718
-0.6105105321428091
0.6365017739366668
2.01432988371312
2.2905304707516705
2.217315431364335
-1.2744096179571809
0.9105916300309819
1.0087966543798461
-1.3836992107639519
0.1422494052089461
-0.08504031626883189
-0.07331665359413674
0.12073438112488741
2.6264027377525143
-0.3068907287103338
-0.4616966100720701
1.1938428474208684
-1.1044295804707347
0.2947472329860037
-1.2219617291224083
-1.5173792398491663
0.11134354082597206
1.5161757616688811
1.962214033591393
-0.7409688170044681
-0.7122097453105248
-0.923935218867411
0.15280601021040074
0.002786226642344516
-0.7014928505799845
-0.35248478341417283
-0.4422983352353566
-0.361226089163256
-0.5884714000790325
0.9254583083957701
-0.32028952218209156
-1.1813407804200449
0.2570142873038137
-0.9314322877766612
-0.5275836834187163
-0.06230035460275644
-0.5126025779728791
-0.8299482100149835
-0.0777327202411074
-0.8095799544085649
-0.4704530946700242
-0.7723302224988845
0.7149827002216752
-0.5388743404537114
-0.39594416476434496
0.12866711046233847
-0.8383761164022889
-1.0943349601589032
0.2183730486093466
0.5141469968292842
-0.8751838699177265
3.204666385106716
1.3524804530559427
-0.8181902952900809
0.33943863756356046
0.49321849124318257
-0.33918148367568435
-1.007401216584773
-0.2307756416779789
-0.6401950790917703
0.770214121974843
2.636662684104089
-0.8560657691054835
-0.8170321495292694
-0.2763056012751744
0.015642390975495562
0.47904570641065713
0.8520449676722331
-0.8423464539007139
-0.3380522340566389
-1.2778056309668664
-0.7956050179055926
-0.17567715771746456
-0.7236673540642925
2.177827921843236
-1.261089865868737
1.2315462098871097
1.6900916591086264
-0.6651628199530562
-1.182021063689326
0.4898101822303708
0.0361652665524126
-0.7542348207634731
-1.0748358726992824
-0.6607316163736142
-0.27242075209666666
1.682528757120859
-1.865244639410697
0.25496223052785183
-0.7783607996985721
-0.5141624436818072
-1.3322878786891352
1.1008166953043648
-0.7828736761340679
-0.07261027681493608
0.9458319931718153
-1.4536076692640174
0.9782426852309759
0.017931362925346764
1.401811208428603
1.4797496834403447
-0.5438715600647206
-0.6808351230864919
-0.035643904301841285
-0.43978530115889053
-0.5099216387647675
-1.344072888832065
-0.03499724076735065
2.0919359032914775
-1.2881591128374843
0.656279866016839
-0.8872849238154762
-0.7453450977823316
-0.10528989503653029
0.32858434216013876
-1.1562631136066985
1.6617102714143541
-0.9191319032579184
2.103582844146889
-2.491322653316341
0.21468942791185658
-0.6804152241582241
-1.1319735643870092
0.03993712143748854
-0.36311566177813354
0.07553453336328794
-0.8014187780331022
0.8626799811580159
-0.2859259756269553
1.318115279862995
2.1130019490770198
0.1632234154083392
2.140902696412775
-0.4526242720114298
-1.4815432357837408
-0.635070399580153
-0.18660255905563805
-0.6030951462971045
-0.6169709108289316
-1.0087592550499536
-0.6341281100569869
-0.6206027809338877
-0.9760426326374233
-1.2916669299867714
0.5494202848446624
-0.457944848365168
-1.079092561044377
-1.2778056309668664
-0.8402039850127031
-1.1259622182187015
0.06679190099376836
-0.575807841157501
-0.6547623678481466
-0.18574707109599847
0.2965532017943964
-0.16502483894120668
0.9515195750976337
-0.7778330010209431
-0.3294005441675021
-0.6569413970683466
-0.16760005751768095
0.8257751498495564
-0.772851246252914
-0.8598853380102109
0.34498153872987614
-1.8896054055037608
-0.6257399617597119
0.009533113303603015
2.4430866265791162
1.2442909469413697
-0.556078155815397
-0.5542013202933487
-1.0179251433197773
-0.18660255905563805
0.3034929680220715
0.702031199616446
-0.4930976880136354
-0.48932838783692084
1.550597450851273
-0.25013289525272614
0.19671703602285615
-0.23592123995853004
-0.26897039205993645
2.311418219643055
0.17149154785855372
-0.517013272891258
-0.1414545236647559
1.135709597493695
-0.3664175948251305
-0.43907000469272206
-0.6146266840978793
-0.4568257298813145
-0.12993892450055403
-0.7188175889557925
0.035696316520448905
-1.3804333144940093
2.3024153550656266
-0.42076745546664024
-1.606911149388487
-1.0179251433197773
0.2200507930477431
-1.2943168704059234
-0.3831132709610482
-0.9697902362362989
-0.18831870382766325
0.5057817285720286
2.124745532288047
0.36469210431816573
-0.6837860563828315
0.05808882181789052
-0.8951999996525648
-0.6873970201319289
-0.8503998416431315
-0.31714612826368377
0.10554170798083995
0.17435356021916518
0.3015486240093146
0.11183438203848509
2.2769789969557
-0.05343715553625167
-1.6969705309972603
-0.49581060218792017
2.1061686777916737
-1.261089865868737
-0.06839642660699391
-0.3541406774915267
0.14838663256815077
-0.24150420396420993
1.7332132949316252
-0.8781770748849606
-0.40048973600487126
-0.15304631743933897
1.7939417697125273
-0.6617346702084952
-0.3395585660959627
3.4531918839587763
-0.31313839170073016
0.934679578376053
-0.4532395418998886
-0.9151094185254792
0.5226257451493216
2.1805969769876254
0.07816166420990772
-0.5587512342777069
1.1796802964710655
0.7093537171163363
0.4514345362461928
-1.3133426540465354
1.7171954528978024
-1.2872866511659373
-0.5939180860636711
-0.5155854746456257
0.44426913775246707
-0.06274346402861862
-1.3371587588798912
-0.14293839598647767
0.22348727596718262
-0.19123878448446657
-0.3588511730887557
-1.8686406524203822
-0.03963793750737035
-1.1916608337344112
0.1850902807463179
-1.0101216346151054
-0.5835947542701093
0.2708834025458573
-0.4259335475398915
0.18418051530725701
-0.18904685049151973
2.1310579259666143
-0.600651747594907
-1.0882817000371936
-0.7625499018070007
-0.39283361265237127
1.390550703210442
0.8691738316698774
1.702219282747893
-0.8472843498627036
-1.2718802492411903
0.11709975635129109
-0.6417254124333397
1.9305020852703618
-1.3804333144940093
-0.9563495491015818
-0.44253844644042095
0.14358716380616682
0.19181165570032
-0.130054284462747
-0.4148747097344629
-0.17825315454545054
-1.3265153654649966
-1.0277663116501612
-0.8138633811945047
0.7308173936881406
0.5968194266800393
1.5642624012194537
2.9908132280470596
-0.32646377197753496
-0.6277752038104892
-0.1754204123014363
0.1428275888809705
2.3461858340105315
-1.095444849790619
-0.8252060484044035
-0.33375095152527806
-0.5128857656096883
-0.6253709596780317
0.38733484942796975
1.33365648362309
1.110214564322529
-0.5141624436818072
0.24272673951307502
0.18241056712894532
-1.058221934713743
3.479086156760345
-0.010687761346917887
0.4325817722564599
0.3966895372015024
0.13528027425659986
-0.6318750790248612
-0.9519618911127229
-0.9169331156928586
-0.1549379546930463
-0.5713980186393227
0.6842745868914971
0.09600984716753297
-0.48678950270651605
0.0702311849692983
-0.08302078782805353
0.3720545705703901
0.470547014349466
-0.17025432022818582
-1.4472177837887243
2.592894941501703
-0.8503998416431315
-0.40939551279367775
0.17282576660247248
1.2605323462749736
2.1570639792584165
0.3266921433224396
0.2693946200999744
-0.7257628384273638
0.5643260235011375
-0.5299359343167483
-0.6311267076688925
0.5874949275596332
-1.2219617291224083
-0.43527523391149836
1.3224247129111684
-0.0017148535547937918
0.5827225443401374
0.7963443187941787
-0.3540430936610568
0.301276125984032
0.10257748186265554
0.7858335173345004
-0.2400829213523384
2.009637217198822
0.18068889177370812
-0.013706571798332307
-0.11833326012396263
0.300751601121856
2.165858459161458
-1.280370517610934
0.07439344197825018
-0.07952228657025671
0.3418475108668237
0.1491064087623934
0.6111242164042509
0.5058855304120317
-0.1833215776658163
-0.6148065521645781
-0.14412922486322938
-0.19747740317582005
0.19015483049038515
0.08712719848530416
-0.7402437858496618
1.5206087126056886
-0.19464864913401753
-0.22561923323776514
0.025366871273355452
0.13111220362507753
1.539770396125543
1.8540487493457047
0.3686130902931784
-0.17548458415696958
1.0331357154056853
-0.30969524553107414
-1.6769366789997726
-1.1902703027204318
-1.8789941342910006
-0.5832604817998623
-1.7503147343111078
0.2817328914576076
-0.05136974923271586
-0.17458705625486984
2.3220841889388915
-0.19747740317582005
-1.0828523606561806
0.7602888094405187
1.7879488906197654
0.5756440337122615
0.7959832152321586
-0.25490008141894444
1.3218819566597453
-1.1524349677104888
0.23764483457643762
-0.9004423459161578
-0.6504374495959163
-0.2247538575542265
-0.517013272891258
-0.6003038313488787
1.9717216373024857
-0.37442772541309255
0.07120362204967179
0.1583838555958142
0.3983958680330307
-0.5509366153158427
1.4122948817558287
1.5699056298398282
1.2609848284952607
-0.9425427811743978
-0.4348032544859465
-0.04385821228103388
0.13928533908459975
0.47397244733332805
0.6199410587239423
-0.09886129379054048
-0.686331792439891
-0.3143812093462617
0.5739996537374641
-0.39006401234839344
-0.8061839413988796
-0.9714485938839538
0.43438075731084286
0.08775054732470138
0.5112871151316535
-1.2364104815471297
-0.879179499598863
-0.27965218410951276
-1.0511521478569636
-0.4257026088305193
2.3017240679818842
-0.33004566952454656
0.05147112354281104
0.25561623003011125
0.03022637065603899
-0.28834447814534675
-0.42709012186626155
-1.1188587641552283
-0.840815020784345
-0.489730650611207
0.4992302492188767
-0.0907885288992897
0.011399946676987483
-0.03991799274319565
-0.28809365084371746
-0.39745397486757983
0.7649131348911266
0.1875890129864845
-0.09316259977740088
-0.668618768019464
0.20486566318976282
0.12680825367825832
-0.19754498382730792
-0.2744396918158055
-1.092675526351718
0.48158047105781177
-0.10068816381443968
0.601395904882474
-1.3697242742609799
0.438199482035102
-0.008383398577500058
-0.4952666360927399
-0.7448566193589823
-0.42964568752534865
-1.8173068178233165
-0.6121164693158901
-1.4286035862522555
-0.7077115781979313
-0.5881332823479176
0.2805458338304804
-0.3854176123597338
0.744041879179257
-0.29995912843052724
-0.8722115398546736
-0.06531271173982028
