-0.29438655619766846
-0.10488405526685744
-0.8419007727545702
-0.8178812365880537
-0.8499002306143856
-0.8810854187156855
-0.8201752610113852
-0.32210531255962443
-0.8784739554884224
-0.3361615027991146
-0.2532041620302521
0.2992705649033186
-0.6688035092125321
-0.7176806199879594
-0.12846340962517241
0.7685288154602532
-0.4426818012754407
-0.6537272822830086
0.2800422384180237
1.3457258916163581
0.07992671604869986
0.35172495375931895
0.45682851218398257
1.1000151434346757
-0.6976359665446015
-0.6519155704417492
0.21298646546899488
1.4465420224080185
-0.4821759374368117
-0.011925470314596053
0.12998256700892125
1.4465420224080185
0.12998256700892125
2.0767459766122807
-0.18331683494984097
0.68940001992568
1.1243123439412879
2.030001916944717
0.49338799877418565
2.163701307974929
0.8992182033875512
1.7025674850211876
0.7554982940124876
2.3858731266951048
1.298724661815641
-0.020552716421653194
-0.4202754942683739
-0.9342162094642128
0.7945532124577483
-0.9342162094642128
0.8862599675850962
1.8893704952806278
-0.9342162094642128
1.536714725819647
2.2573350412114395
-0.24406192447619507
-0.07698715606578994
1.742029904802422
2.6889598973427127
-0.1325126183371833
2.07071389480686
2.360978874953885
0.03630718179171286
1.718436506086787
0.6879494266603783
0.5757583001029755
0.13345192083886015
0.61984319648657
1.0811768146094973
1.1838907295223609
0.7542269472691222
2.023651816205935
1.4838220582457544
0.30477122799262235
-0.35583001109263257
0.46361946032695817
0.6290415590541831
0.6220643134012329
0.8887101675958025
2.05094912324573
1.4261585189923025
0.6151876580218384
-0.2540748828444529
0.4315860075719352
1.1476612694541855
0.48262829824457604
0.6919508304394536
0.6049949946966691
0.9714993130880624
0.48262829824457604
0.9714993130880624
0.29876689533437323
0.19330949214062282
0.32357452738971915
0.8345650657133821
-0.7032985259098037
-0.39444749972392
0.2687329519620675
-0.44488217689752696
-0.6191687778249779
-0.750004355266151
-0.5937101857471677
-0.2605729747995574
-0.6458632649795474
-0.855432130838106
-0.9086221768300548
-0.3235697635752618
-0.8324876540877404
-0.6905205559209678
-0.7771898144374956
0.6095799733301485
-0.5931007032436267
-0.42531015398182503
-0.2921433219829998
-0.17478831241679818
0.9677652221691259
-0.7944119276817984
-0.8258251132473619
-0.03299051494549743
1.1571608114831395
-0.4187040568640916
-0.2957525606312732
0.0171732811153459
1.3862154086439669
0.018946080101136804
-0.5003281546562992
0.018640242477331648
1.8499328851560302
-0.3674789466864149
-0.48083566600752586
0.35465028498312123
1.7287177686199728
-0.09625000215076535
-0.5770382997631415
0.34994795816709484
1.7953463907783185
-0.48154007785621983
-0.46963393857181746
0.3973563854095348
2.0538135299992364
-0.1918960798145512
0.19993855409215297
0.9118485013195887
0.8954206387445102
1.1456237621063676
0.7779735905113188
0.6025027355757906
1.0736300023841128
-0.17620714546602811
0.17412306397181168
-0.10892610937069849
1.5437426494633462
0.5533539627828149
-0.9342162094642128
-0.22392898594088198
0.12096730497623484
-0.9342162094642128
0.4530829057058538
1.8922904562140213
0.2070821037151452
-0.7120175117253211
1.2764048852147885
1.7336742842549984
-0.23459993228197687
0.7034877652892471
1.2395181531643347
1.6497600824140513
0.9319954748853903
-0.27778152591263267
1.1943322594890184
1.393819288985692
-0.14051504003067683
2.2313799692626244
1.2546625623113978
1.857466173535739
1.5913666356030138
0.5997947306810691
1.8699484170082967
2.2086989386123865
5.017807065875584
2.226124682875632
1.8864559387879376
1.2776733882839415
-0.05191994812917642
1.8901908681042614
0.9170705841600268
0.9812362713645167
1.6633684777861748
1.2691670923186442
1.3433246919937372
1.4496685495763004
1.1287743422669985
1.6502479836982809
1.948395766232992
0.7929398269951872
0.062063360512975806
0.0464181436312258
0.12110578165991141
1.4474908386192045
1.014889066601955
2.4800342916172737
-0.6524363644802886
-0.893727948148161
-0.8849624046413955
-0.6578328241476459
-0.6947530733071542
-0.5291727606429766
-0.4949655551280137
-0.8034864449577399
-0.5705837107492246
-0.5291727606429766
-0.5705837107492246
-0.34464346764095555
-0.9043981244786393
-0.8202726089112437
-0.5538356394521426
-0.22296282530609907
-0.8304729758118912
-0.9057652275944181
-0.5291515980559953
-0.05247644989854155
-0.8231507207338462
-0.6708642062436669
-0.45576397909727645
0.4918591461013557
-0.06856112999476223
-0.4526573113359037
-0.05251935016517265
0.333458188406478
-0.6729852363900989
-0.36679978499683563
-0.25000014636886686
0.2685585070626379
0.2026446852388631
0.13746565774755004
-0.2972562029854477
0.7174846961436132
-0.34560848160502833
-0.12370687071443763
0.0431408812913088
1.3363760859007932
0.5078066965195565
0.46103737940242223
0.3650100249451637
0.012970391350896367
-0.6619739664069223
-0.6936991764780001
0.1091120237776231
0.28051997607859114
-0.7049286780514089
-0.6264016132339965
0.2847196044061236
0.4214294817027459
-0.49683632781270093
-0.6927981870786837
0.3765853270483886
0.19977677870665764
-0.05013644287683684
-0.5593971672975969
0.2797707243572385
0.011679473548111765
-0.7050126954511924
-0.3613447401089283
0.1770018437895512
-0.03475124217808191
0.018320293327063968
0.38111961906486325
0.3598421212166691
-0.06768022744248597
-0.8303713953946148
-0.9254887586139428
0.28769886236949294
-0.08382728127069639
-0.7838729593902287
-0.7335440951513499
0.15704505043019587
-0.19690321575949124
-0.6726466349992167
-0.7366084377389447
-0.06415877297720615
-0.928557333718903
-0.8580224314784524
-0.27013423157494243
-0.27605975591557325
-0.20283720513492076
-0.20283720513492076
-0.25853290141944757
-0.9002883500967074
-0.9220477219789825
-0.19508746580084768
-0.13497302136509906
-0.8439154510303856
-0.783534357999322
-0.15161104721013377
-0.009487345900084286
-0.7989999765284027
-0.7937347248999664
0.162518802242033
-0.08842802766942486
-0.7680901431950592
-0.7932310553310272
0.007650116996582697
0.3550092193096511
-0.7675650699013513
-0.8221645441828629
-0.047364143988789825
0.5780925131822466
-0.38071721332323094
-0.7086653579554608
0.09663033000593457
0.6793978168200809
-0.7951441531896001
-0.8336600614037036
0.03865753936759671
1.0515497400855534
-0.6788593375741838
-0.4351304568397719
0.16283113444292252
1.783834503135472
-0.33940293507844976
-0.19249293264308354
0.2984960142217082
0.23703036528212965
1.318985135778076
-0.6190801237565404
-0.6245440749054584
-0.30355865017004163
0.9121306173852721
-0.4851975810391915
0.7289607571788117
0.06073858257120585
1.318985135778076
-0.3152771050593262
-0.6166417361487807
0.13687334093274833
1.2771259866984825
-0.04675087683751059
-0.5686409852689672
0.21591560311939603
2.4605475823880907
1.0818569112912653
1.535969817081266
1.7756130656895395
2.98173316981067
0.7949594918630412
0.615730840861975
2.1273188440393787
2.458908166201906
0.3413671828259879
0.9651979203728616
2.2413906313213
0.5234851522371863
1.8904905252366666
1.564942770179589
1.9756577168695932
0.5095682252111926
-0.9342162094642128
0.5645005319528326
1.7448465111436748
-0.9342162094642128
1.8937553506463782
0.28714514944227576
1.105906914595486
2.7269129052513645
1.4503845181998611
1.7641500033851152
1.9363013877757391
-0.7071120240747637
1.6435469212868545
2.1810748593809826
2.458552651265406
0.9715479692518367
1.8833505355849975
3.246544797389616
2.2080308303061855
0.4432988990370129
0.9307409963322458
1.6798000155791746
0.762989553472489
0.2678483558283082
0.7388132388292938
1.774373455862353
0.21905062980180076
0.0978789226347288
2.1511293399766944
2.2927152396041643
-0.15359609786427997
-0.22876064325350828
1.7943627775461237
2.530874132911054
0.4632128933388953
0.3894994079494982
1.956569811261524
2.920684664395181
1.0980331607284828
2.634291333993635
2.6236902330214935
1.604970061502478
1.119649627156559
2.8694445772856954
0.9474975326639294
2.532056025451009
2.3106697829217357
2.9357864953196424
6.203229659565215
2.6786358666499277
3.4622465263345394
1.1686634961605682
3.4631564010765215
4.393995748489273
3.602849510427068
0.580216603962063
1.3950517309161228
5.012863565084896
4.092467422525939
1.3096730326380233
0.9939686116749871
3.0801212286431867
2.3106697829217357
3.0801212286431867
1.002523056096678
1.736554114171617
1.2876582350376216
1.4253351005656583
3.2980093527956575
1.9458250455764685
2.194855969359797
1.29783958183424
1.5700180824267786
1.1418336693151205
1.9858702834154491
0.7282065743694051
0.19687894564280295
1.7013004601407131
1.3872659904681703
0.7690334370763542
0.1686787411454234
-0.18663295018014567
0.4190383449987749
1.5987979224428042
0.022814991171888614
1.1065234082219448
1.8225125164932208
1.6234644193734837
1.3409227183746504
1.3552495569931176
2.2783222491984856
1.485090725582209
1.235051223978202
-0.06576289706658149
2.5180099129644824
0.964080532897479
-0.14010364215503845
0.8146516587422232
1.488196107736656
0.524436254444351
-0.9342162094642128
-0.03340320798916462
-0.042543306686009856
0.9293514421369397
1.1963526220153764
1.4212588452744053
1.7220462568446375
0.7684092233450945
-0.4524245228796388
1.7242415686876142
1.5113418996936443
0.6314887635054587
-0.6506587071780976
1.629223810746939
1.6808538453306368
0.16117198762745424
0.101227406365607
1.7293547697353666
1.3943213110742227
-0.0370583919057923
-0.8788379519836298
1.6229342899110455
0.8987516270418213
0.5780464758988304
-0.4163423121625924
1.1355398150964593
0.4414281234666994
-0.03249107789393293
-0.6540320235348684
0.5948611141182052
-0.8186600197871343
0.2719411972551056
-0.6379653875369807
-0.9236349159988005
-0.7962361426752345
-0.7678909737400877
0.27297393438297873
-0.13602691819430868
-0.515243545925125
-0.8649045047483758
-0.7284947019096735
-0.8766836006340641
-0.7827598073176808
-0.8584329856649416
-0.9050245370518331
-0.9342162094642128
-0.9342162094642128
0.1362826770123722
0.15540729894749042
-0.5873626221143824
-0.9342162094642128
0.9187777938143823
-0.2979968935280389
-0.40782648718165215
-0.7511513674778167
-0.5869974131727562
0.101227406365607
-0.5869974131727562
1.9518058489801688
0.8625802266469391
0.3044945973695972
1.1283487680573383
0.02763118291049744
0.353565297932955
0.39789355853010006
1.238615942488905
-0.18079425458778253
0.03784398434278143
0.6451349585167037
1.6265048180385073
-0.026380773970036017
-0.9342162094642128
0.7507406441064316
-0.9236349159988005
0.6552930002434993
-0.42043107113081635
0.7827933539843142
0.5923300687212804
0.2747996005581102
1.4840241629412834
1.1558093725993772
0.5948187889443842
3.681182825345462
0.7076026797335204
2.154636547159969
1.0620421506856623
0.31844386866252666
2.684844371007974
3.1059486900319264
-0.4334967051287459
0.28050051269020515
2.688327732816789
2.765354154911168
1.1582239028850436
-0.21463183948706083
2.2208703809521246
2.1987238501539426
0.7868850330164396
-0.3214889961898613
0.19042291528321229
0.5824598381767224
1.380124297290746
1.623040010921725
3.33890161588005
0.9456394575315327
2.1335712613781737
1.155089626055307
-0.1657152482114381
1.020865974471769
1.7199086982736014
-0.056865361038749604
2.909451000642905
2.116885271983565
0.059460362320647
1.60057792230208
0.757824509592308
0.3429501443284589
1.8528842396427403
2.1760483669630855
-0.15921264843574714
-0.2653586093479493
2.0864510312113147
-0.2932419978338929
0.19793986616103276
-0.44413870501927183
-0.5164582784149769
-0.6065276169003424
1.6016119321087556
0.49363622831066895
0.9575765250681656
0.3447616646553448
-0.6211453634443592
-0.42416823680963195
-0.21709655620891125
-0.09192408703046258
1.4185585763552244
0.18833205169446432
0.4992910479919344
0.6500300409134389
-0.42043107113081635
-0.9342162094642128
-0.046436055078616825
1.021560704799507
0.565134976912412
-0.20844188635956756
0.5711463192035147
0.06453091814909527
0.7551645262951865
0.6897329913290948
0.6569775392775526
2.365930969649658
0.26276075102079377
0.5628040274353655
1.6022350119954827
-0.17576631653453306
0.39195073476242015
0.415012085514312
0.3921062761078586
1.1677069472313124
0.7883276384192124
7.3303954173045485
1.4800831881446124
-0.17196945583763246
-0.24845104500561838
1.0134236905577767
0.852524075035782
0.4062273811909826
1.3139801477677624
0.38160572666177467
1.1387253044813281
1.2620202861019185
0.5594392079926189
1.2455735334631612
0.5017638486748992
0.23000724343763007
0.057990962975539774
1.249297184884387
0.48650810099648517
1.0674792444102623
2.1249550072718453
1.1238240610209043
-0.0061292783614745605
1.4743359078534306
1.1307307496276686
1.5737535026730247
1.1359682385518255
-0.5295910200332469
0.22729237423409793
1.7036679568758053
1.2865154838668285
0.8480630017107361
-0.30512445280637296
0.8718963071122295
0.6870495753062492
0.7312116617134891
1.3611674479086442
1.3457411006969482
2.767965029140026
0.39722099761819396
0.6758891417183984
0.703983532416192
-0.4076461850613646
2.0252933688261905
0.287925355309436
0.8081926879330672
0.8204155429486572
1.2708068382408706
1.8278025322103701
2.119507503471202
2.201615498416563
0.2483478305580589
0.5728943488839873
2.230064798435913
2.2688901753840334
-0.9342162094642128
-0.9342162094642128
2.0185270171629415
1.645035017864711
4.340078138015092
-0.9342162094642128
6.819574024019011
5.296622163741906
7.571846331082842
3.76421189279489
7.2076688529014525
2.6501304125567717
-0.5122148096248337
1.1292007402109963
1.0468831660141922
0.21604419905893815
-0.5886480949533981
1.6859545870649315
4.214861501504068
-0.479499936598973
0.9405618357715345
5.458691132236481
1.1370705659321707
3.073494121454
0.27497204317578566
-0.5574798369216739
1.1629918791474716
-0.29571892699753155
0.09388838638901595
-0.3131662358400708
1.664141178743832
-0.04991975597523407
-0.5667109573408986
0.07827740696990401
1.4058928195473117
-0.27746495168778296
0.6470294931113761
0.028592434655717234
0.0029394574775145985
-0.6011659223565128
0.007186594200841842
0.8111192645113832
0.925650673028987
1.2157709923222015
1.0263874242246318
0.6089607355433214
0.0124524103744662
0.028969307070566986
-0.29473362262333075
1.5559007443381871
1.523258416555469
-0.1410001261230524
-0.4369800669375609
0.8176293677642854
4.718144455398106
0.6188298312210861
0.3226636884965366
0.4312277594516628
5.230737407184603
-0.5272469652322981
0.5310770771086955
1.85834303237168
-0.40047883699926967
-0.3541909208523437
0.007480679101007216
0.06334634792566579
1.2648728488654626
0.013169319668003495
1.5096282593902992
-0.15443982000583054
0.2222853061662518
-0.8724447570703339
-0.3023764430109108
0.06724128572471004
1.15970325685403
-0.533291000059738
-0.44073854237648347
1.5630514936063409
-0.348988124139383
-0.24591153457391635
0.40263589318881543
-0.24612316044322768
0.22134991982390667
-0.2651737211983567
0.752113402582781
0.4249509361679795
-0.41954209530654435
-0.14440730261892562
-0.8577684804353015
-0.003849632741762056
1.7988514748214695
-0.878960694987829
-0.2612713401683091
-0.6541166738825874
-0.3347605395442858
-0.10717336102110606
0.5131100408044299
0.09633405378877492
-0.447980379624218
-0.7030672879902836
-0.18384166108256686
-0.1525548985872807
0.06559856102519837
-0.7335567927035201
-0.5959859487740298
-0.7605009983838534
-0.8365424057436563
-0.9138112431455184
2.071720621328513
-0.4691330423243647
0.8627072129673903
-0.13519723390832555
-0.4677716309218735
0.19900012597855718
0.06896579208759764
-0.19349167887727325
-0.43004476010632015
-0.19874730944601052
-0.7547828673951408
0.5347407807452942
0.4449080687738977
0.7318540498300437
-0.5098288248612769
-0.506394683397537
-0.19330860975995506
0.2143912471975725
1.3436535720998544
-0.1148102482623182
-0.5503712877757513
1.5190157704166123
0.9554900342964349
1.255686201222952
-0.39099377842258115
1.4693203686867684
0.6887450208955489
0.2296122078052142
0.20818047849891144
1.2974705912791646
0.005252940763335683
-0.2024683586587352
1.0431690749113935
0.7837161943576948
-0.07701716079638936
-0.7043227951172795
-0.36346970497464604
-0.015315936384396305
0.159410215624741
0.05252655911709691
-0.21066354382543226
0.16862090608421937
0.19905678198895332
-0.09754487011930753
-0.1613500697157216
0.2867911957251169
-0.6715207853745047
-0.08006722785347954
1.6556360207100216
0.05747107914900908
0.5767139696874947
0.4652282985782068
-0.7556570698135211
-0.6162398757937895
-0.5845975758148353
-0.9342162094642128
-0.2678624866896503
-0.5351733533454882
-0.09285689046033542
0.4447032632180085
-0.76105545816144
0.17892151594006678
-0.5918521106147216
-0.30336659384610154
0.1192710307645756
-0.5899263152040185
0.44606677100750064
0.13537056164136885
-0.6483529504627619
-0.4708339583995474
-0.5283783966632009
-0.600672676847494
0.7294752797354195
-0.24346533392477193
-0.03432375792214922
0.2242661243030079
-0.724866384659883
-0.09471013332037634
-0.20660465424489532
-0.5481566361725095
-0.5898966875823093
2.1317453545486384
0.6712924095243652
-0.13120184837408932
0.1830329399269657
-0.8149057768656081
-0.3860586502646276
1.1210857682226871
-0.7326975916741292
0.1624017853007591
0.9339323075385492
-0.1418720247046168
0.2990819734095703
-0.2945812519974317
-0.7150099015173427
0.8487613670794601
-0.6823602624004732
1.397979345542885
0.10989357689477247
-0.15069457637338018
0.1962659420568813
0.23716046933014936
0.5605438631512073
-0.9342162094642128
-0.28507078543073405
0.532973244897668
0.2681013692790916
1.3377238557301463
0.09564623319144255
1.9117447384918353
1.2071698996493643
-0.5951323115890087
-0.46369992508650854
1.6055847489858508
0.6162014667792662
0.050495322707107826
-0.6810947397020076
0.17087161157688568
0.3719527870112868
1.1249820266141597
-0.09783761353023203
0.005444115992781587
-0.8882948644907697
-0.47629168842025926
1.9357130834551608
1.0368250297093722
0.47143509106671794
-0.04705940273713636
0.45333657283870427
0.1367715485540282
1.6697241874329258
-0.2603315368377338
1.8856980291038106
0.1157688181225016
1.077378985643354
0.9140565032926994
-0.542767606487367
-0.6924285137173009
0.9518544464613059
-0.3023155476695204
-0.29857086248557285
-0.4417324425774498
-0.6070002903398246
0.4919020714788285
1.4927964892208347
0.1885385227606286
0.40354626754081546
0.6149749590229732
0.6900826849552255
-0.386576935290195
1.5860553102205803
0.28535448294524
0.0007172535179071443
0.4580155416423672
0.626389136127725
-0.29977878334760466
-0.3818092028089023
0.28293563070509037
0.4410294483185005
-0.03381702343856347
0.4431564798534609
0.7066637113350464
-0.19368890950438228
0.4274650514953902
-0.5237084380465238
0.6578223516381428
0.6439654382170615
-0.6195835645288758
0.7757058820671129
0.06571602301725346
0.394560118719924
0.7331093547320273
1.9874169312054275
-0.5624431167038402
-0.4047706096288437
0.2817240730497034
1.203357441174993
0.9175344519187115
1.189704284305096
-0.45788023779043896
1.7480993588439555
2.2579863007452112
1.074968258783038
1.0027548709336824
1.1536462306041426
1.3466574786275778
1.0902109147181582
1.1483830474974717
1.5913436989793144
0.2187676660949944
-0.19878748136532998
0.1957360003075442
0.5632524021055747
0.08158796321536563
0.592842436930367
-0.563214897979944
-0.11712026303032627
0.8978476950001901
1.2883252277022283
0.2031704645662909
0.7013717866457847
0.9599502263092308
-0.2397159244895401
-0.1300303591977983
-0.19530030225752346
0.1444301428112353
-0.14580608747319648
-0.03080077254595882
0.7985929589452427
0.3241886059629588
0.25208470206461225
0.4565224945587946
-0.3271801009056907
0.7664392834745555
0.8288633088952777
-0.04285319082921043
0.07840511014097715
-0.02445251548240893
0.5228406564389041
0.44497774541681856
2.3050421537828325
0.3607902051111106
-0.7369385740950251
0.45796856867830155
0.5212578717186485
1.471893917625045
0.10713107330901768
0.8441993628787712
0.22631629302659306
-0.2334208411226604
0.13650297543938453
0.2096496011120381
-0.468838225303235
-0.5034813801089786
0.20995953949930382
-0.6964454042231885
-0.5944424112549541
-0.7925115273753958
0.9953635602122052
-0.04863798244427584
-0.6699296795124086
-0.6058278830238337
-0.34570735802299646
-0.7689533356040067
-0.2194498358756364
-0.7136266780498883
0.14914429996473802
-0.3746051375425637
-0.20631121197252547
-0.726450396012149
-0.48587985622865226
-0.22022640411811395
-0.3348663524789368
-0.640940847259448
0.4858516795410732
0.535394244842567
0.9767345069495089
1.2319896115745572
1.2116663057419037
0.7490257927471484
0.18652023795916145
0.2455133615815051
0.9774538457290225
0.20656996911142886
-0.11796676650753153
0.024025726763544756
0.2855453207377228
0.7587499593059095
0.5154421578842107
-0.3501637763243723
0.6894682950979296
0.19045677542230544
0.34896943271756425
0.5461406064860487
-0.6106641227537472
-0.4617460546820944
-0.5281569564703241
0.3815634013179804
-0.14060108141818803
-0.4950798330974757
-0.6475478068992393
-0.5584814276134425
-0.6812640403974395
-0.3099325925570534
-0.4723512147337469
-0.3156041658544996
-0.34008504641609427
-0.47033230394053527
-0.7553288621379626
-0.7474521472822664
0.10628470216363095
-0.14262118028196663
0.819878668436281
-0.11126669148524103
0.5274540431017111
-0.11286235053982076
0.2426987375196987
-0.5806370455532082
-0.4998560293521263
1.1266980862767364
0.004615402030573872
-0.04261949199903794
0.13906978183687918
-0.5168120696198056
-0.2787558694905676
-0.6598178748017612
0.10952136664475456
0.21060779069782745
-0.0755430334267218
0.31593730668337167
-0.004690272214420012
0.842237426300169
0.13426919543441435
-0.22379663123122331
0.4802278556644141
-0.19874859333987785
-0.5949525121833839
0.08866613081429238
0.6406084399432973
-0.15352837758610294
-0.17844097492106045
-0.9187697989201723
0.43784088894228773
0.27829420873738786
-0.46132973946016703
0.8798619048329857
-0.2681511182542428
0.10253575654873018
-0.4499244886018605
-0.045992749265314166
-0.6440244357908932
0.42333643040077307
-0.26262997824927686
-0.5826336877476551
-0.35668074708722486
-0.3644987823182003
-0.8713506287275123
-0.6623023625074288
-0.14218099847379279
0.10794808149640003
0.4953761657070128
-0.6698658710765188
-0.23794647578907968
-0.7325128476885825
-0.6279173912622292
-0.8866469465611028
-0.6150843985473713
-0.27634333458046095
-0.40677259035249796
-0.7839914698770531
-0.10191282806178953
-0.5481259734982625
-0.3036769318603022
-0.33648317412044554
0.4831362643622025
-0.7143792564268142
0.10845598358271395
-0.6814037134711682
0.4806550974872866
-0.13722472061456328
0.06916220385615293
-0.7514143224916917
-0.827857280067272
-0.4808120169886835
-0.5593082844324909
-0.9253279229532665
-0.658282683436951
-0.6737936472108824
-0.26001851502193074
-0.47441668321813574
0.3936023301145401
0.22079966146821456
-0.4099619608310988
-0.11629620551851572
-0.35099164455066795
-0.6073844143693615
-0.039624199698094824
-0.3506367122598035
0.7859054901431805
0.06764835914831908
-0.5156102448919562
-0.2557134781060397
-0.6045242676689158
-0.5178719392219515
1.688195854398113
-0.22292896516705213
-0.15255358816068265
0.12364625734895857
-0.7608946225007608
-0.7055883178157019
0.9666792564787017
-0.12174509410682197
0.9276377351216283
0.3064715656728795
-0.25764538319494545
-0.23747043185434455
0.06987658760784198
-0.4781243823323069
0.34992768989452866
0.5266529921759452
1.1207465450726317
-0.5185322119341861
0.7114928487503869
0.06268130805137398
0.15381587241029462
0.826397965636625
0.5929959161984695
0.25294989462902134
1.1868089349577635
0.9814376508063777
1.2917027765763862
-0.028118887434054662
0.6684161131893106
0.027122872298848865
0.011713333687171028
-0.14374279738923318
-0.5475376535816012
0.5048434001492873
0.37444713950281855
-0.5500644664611144
-0.19818283514074705
-0.3790030437819007
0.25458323511754016
0.49308515397985986
-0.4303180845717352
0.03452136485187379
-0.4113962284607656
-0.63998429833018
2.6565163010667106
-0.44569905275306615
0.3773912314115742
-0.5432846011980085
0.07863366607982426
-0.37119181210215135
1.2897406175489081
-0.48187861136998644
0.23523057331733618
-0.19396299808969286
-0.3149680089896344
-0.30828502388071105
-0.019170712264908428
-0.5941122748989291
-0.2441750584552528
0.3846697427937508
2.008284966628238
1.120008250940591
2.22980443107398
0.7275134877983954
0.326849648191475
0.5149252807508503
2.238206907352163
0.26152123197142746
0.10641591020258875
1.7058450231032647
0.008919872212296662
-0.4377834287535308
-0.15178012642117772
-0.06726967325606445
-0.12962386623946412
0.9089439673177492
1.085965186607443
-0.469964074927944
-0.45097956244206877
-0.2938193988678869
0.10590421365179924
-0.2884398692701148
-0.6232159121013101
0.15455741060800535
-0.13276449494466774
0.05890356043351002
-0.4504606348124462
-0.08843310784201149
0.037971871550926024
-0.2333536554891505
-0.8772380604116692
2.565734931317819
-0.2879700936172803
0.4644898770644042
-0.19605415177375138
0.46830243115111353
-0.5382726730232681
0.38918787910720787
-0.6935975960607391
-0.07511676049002375
1.3246039620563275
-0.08909859049638506
-0.7283284846901427
0.0486505129162183
-0.02485756241509015
0.3819713941203448
-0.67467939238602
1.1236476472389623
0.11008319338182734
0.2680309310496859
-0.3143005504995631
0.16817234989970647
1.1230837379133853
0.8932275392111454
-0.6183942271433767
-0.6476832474556149
0.7593452047793275
0.25761425789273745
0.14734777325130535
0.6309611762420978
-0.6166417361487807
0.17793274542094148
0.6236422323441018
-0.7097801074037324
-0.3914118634208687
-0.08861002591710397
-0.584093906245773
-0.8717611829139648
-0.7584482274515671
-0.8925894009712756
-0.8590467006859158
-0.28813936053556505
-0.8323141208748939
-0.8291481978700473
-0.781714375523316
-0.7924353420624416
-0.31742368014244443
0.06283542361398703
-0.2850356623961039
-0.8005321478221462
-0.3307430186746646
-0.5026559707872102
0.17536959587735942
-0.49978056116621555
-0.5889232770149144
-0.746334762692356
-0.39672716383555684
-0.9132779459548608
-0.6286537808559445
-0.5745163212512349
-0.7436563800763287
-0.9118346575261709
-0.7916734889329615
-0.909430587650823
-0.8710416549583241
-0.8189309008998301
-0.8729208926777731
-0.6626705915200756
-0.87301400806026
-0.6113174580736007
0.6566928763208054
-0.5221821856099018
-0.9342162094642128
-0.7323759203527829
-0.014958447191650551
-0.638929317209154
-0.8394713077748971
-0.47379981997173565
-0.5969099688911567
-0.4814065170532781
-0.10198901337475602
-0.7193238717863744
-0.09322644863684391
-0.914810117248635
-0.6407969416683168
-0.6009226853134939
-0.5545051223114869
-0.9207060139675721
-0.6773108691587907
-0.8766328104253921
-0.8242765703585829
-0.7169103018237237
-0.829055082487545
-0.7738842183589018
-0.4928619939871108
-0.6659042348029851
-0.415655367281392
-0.27761080490941425
-0.8476136361733487
-0.4133310679866173
-0.5991912957623178
-0.8645193456662549
-0.8483638268032518
-0.49183320232197797
-0.3176723692459529
-0.5425898407571366
-0.6392732354093165
0.033909371504502746
-0.8397675839919366
-0.7136512634363749
-0.1611381539061988
-0.6091377116197991
-0.8303883254641568
-0.8872437315125381
-0.784698300280545
-0.8482495488338206
-0.7780193878451374
-0.7886937966930734
-0.8816652735975912
-0.7173631811840463
-0.6934748530565154
-0.033609861614494044
-0.03102662687831409
-0.7294724134258704
-0.020709866233370205
-0.6412455885112246
-0.8584033580432385
-0.46656536346687255
-0.5209447468442742
0.07516684672062715
-0.48442831595905733
0.08316245968305949
-0.8815594606629401
-0.2451708440313067
-0.8382057850764438
-0.538581646792407
-0.81646757578111
-0.8973636805828691
-0.8468189579572888
-0.837477792086023
-0.8561135661372973
-0.6658746071813252
-0.8871548486474352
-0.6003848656652223
-0.404922980254672
-0.7627526976332407
0.39479001727419233
-0.3206742836302212
-0.49004736992529824
-0.25292904840017233
0.3968381176361863
-0.7849056936324509
-0.3763869099843208
-0.08690008889307452
0.190130871583569
0.14682798620572937
-0.3760148865072354
-0.5205722853143112
-0.7159198927553319
-0.09672376174636284
-0.38912299285219165
-0.2465083195252901
-0.614117963586694
-0.7646319353527389
-0.648940305119328
-0.5924827557052532
-0.8944686386907338
-0.6068135011002581
-0.6335085467293557
-0.7528020492584154
-0.7990499042149584
-0.7451623553763927
-0.3794164094890802
-0.7525438656978591
-0.8585007059431032
-0.8752106845836805
-0.7325618768652482
-0.7611071108921514
-0.45864582917411867
-0.8569981622710166
-0.8312094338371108
-0.7388559725902863
-0.38148381912043544
-0.7970360884612255
-0.7140195183360484
-0.7868187914910145
-0.8388956854103968
-0.4942163995506639
-0.6383482907210621
-0.8928518170492281
-0.6890188747709728
-0.6604485198922866
0.1405075401700112
-0.25640817769161267
-0.8026239152352515
-0.348753242022949
0.6737294493381497
-0.8783469799668301
-0.5518556838375306
-0.47472999727198684
0.0012200894228162106
-0.5150784777470864
-0.8270531017638938
-0.6322263682138659
-0.35670193556123286
-0.30757931289032825
-0.6109458590657573
-0.38178380770460785
-0.3522543283041117
-0.7743455627539954
-0.7917242791415843
-0.6871091469077384
-0.21283765511362215
0.2376609454581857
-0.7035016867443563
-0.8658483561254857
-0.34075389193032013
-0.4749415153740994
-0.6404710378295988
-0.8543401413525148
0.14876950071626707
-0.502109220320576
0.06524621358740432
-0.8328770456872483
-0.6905332534731443
-0.2279580737590223
-0.09049839964775372
-0.6340833449385946
0.12369600602772737
0.5965279702019801
-0.1632960391085671
-0.19895596080473232
-0.5910352347591671
-0.43835653891235404
-0.2650848383332322
-0.18041877151010616
1.0776228644000159
0.2464173596497616
-0.08371805997397196
1.0532660389877586
-0.6690193675992459
-0.624323984001373
0.22019108541277743
-0.294691297449482
-0.34924131284924287
-0.7011611046298137
-0.6976438826819025
-0.15389558455123165
-0.2362423507659751
-0.7973238996434603
-0.5773726686366458
-0.6796091260994629
-0.5927705668875187
-0.6298728142946108
-0.6185826980900562
0.36126692614874023
-0.35374113983947664
-0.6401845579742207
-0.8710458874756865
-0.0809980184171385
-0.08427402362408364
-0.33924361540732995
-0.2469933368537319
-0.11321274565854976
-0.6157889124450783
-0.7739731012240048
-0.7404261684212518
-0.14506892585170544
0.45328661802093584
-0.14822959928393672
-0.752248797931538
-0.8042271355003127
-0.09664130976189705
-0.6953413932238155
-0.552303722306922
-0.11485196717663713
1.1580157790810186
-0.38136356328033705
0.12124241860634541
1.255966050011058
-0.6415714923500011
-0.1889079904170414
1.4520966731685707
-0.2619515002575228
-0.7158944976510404
-0.620497788284298
-0.05771129485429983
-0.32902373354932335
-0.5716971470184599
-0.6785496156590668
-0.3073422919167163
-0.7232971705594573
-0.7313054467400635
-0.8004771250961857
-0.5223840869522673
0.19129386693082986
0.5167227216188607
-0.7459157434711019
-0.502542361357253
0.06958542013808476
0.3880489432667873
-0.5513469192291219
-0.548545630202119
0.3487056142383555
-0.2980431177539699
-0.707925875863625
-0.31524969160289584
0.24028152864615557
-0.2635832426539072
-0.7089032380170066
0.07744542974509488
0.6044308334206464
0.0914295058630181
-0.026779037009485307
-0.47696586713536093
-0.03074199100463068
1.3573219451787661
-0.5563253297296927
-0.5182284186751619
0.2509408333984795
-0.6339107037581618
-0.12415470692610263
0.7472486700897137
0.6044039264271703
1.2636411863061456
-0.9342162094642128
-0.26097083143389793
-0.6723080336083254
-0.33941200827455237
1.1558289211717752
-0.3730732869238582
-0.7147813455784894
-0.7379416807155995
-0.8148930793134561
-0.6997008861315881
-0.8820969903709787
-0.748065862303296
-0.8270234741422062
-0.7538728761571208
-0.9009570878437191
-0.8664536061117166
-0.731798971928268
-0.7361563259640562
-0.8780168436107129
-0.9268600942470593
-0.8241284322500524
-0.7248118533091247
-0.600765024644556
-0.6531939850923941
-0.9132652484026996
-0.8488167061635468
-0.502498015078747
-0.7204867790150349
-0.8138518800364569
-0.8680788927879994
-0.8943162680648347
-0.8566045381541093
-0.7759623843955195
-0.8053656826771889
-0.849747859988508
-0.8132212349459038
-0.8188462505521235
-0.7250071075834714
-0.8768613663642854
-0.8077274273786665
-0.8376635767785802
-0.792596623795556
-0.48784243243403863
-0.7783579892360564
-0.8864183906222588
-0.683376066573175
-0.6595754076528869
-0.7558917869502831
-0.8134069021924246
-0.8153158849796561
-0.66131674947492
-0.8045868994781052
-0.7968625552483943
-0.6526992266306486
-0.13848177827831942
-0.8299693062429704
-0.7899635519089259
-0.8066824416567061
-0.44050631743868074
-0.42034807756326154
-0.8816347834538087
-0.8280138832105766
-0.3835868601110903
-0.7580571268353592
-0.8411050594859631
-0.679786891829675
-0.775644945591554
-0.6687230913822525
-0.8526259718110859
-0.6763754828164579
-0.5843012995978143
-0.8184229988135162
-0.8402416259391821
-0.6992099141148069
-0.7490181787151738
-0.2651575587142581
-0.4826827896733337
-0.5305906539673289
-0.5750688319592422
-0.6322951621488917
-0.6286030590787829
-0.7086526604032936
-0.6260471827860447
-0.5853467313921574
-0.4790964995379376
-0.8051061677896806
-0.5453423242774665
-0.518654954938379
-0.4593489213234571
-0.4910631734079656
-0.6909945978682348
-0.556210081705843
0.41064002729995064
0.049587608275266516
-0.927562692133158
-0.7227906004900374
-0.49244297407582854
-0.92843459071471
-0.8759175149871754
-0.8328601156176941
-0.7441592487558614
-0.8798833837780192
-0.6119819633033086
-0.9137900805585648
-0.8366270560913814
-0.7855151761360842
-0.44823856318470656
-0.6976862078557635
-0.8241792224587029
-0.7001622305266786
-0.8108298626227416
-0.7112670248209977
-0.3002105001210291
-0.32872873408090586
0.0667551246505628
-0.08690432141045538
-0.75730121523992
0.21136378185435636
-0.3758828165980706
0.21158348282148323
-0.506061884387571
-0.8123239412600572
-0.49244720728327146
-0.26792822814654693
-0.8039731844571434
-0.5180666350216808
-0.7144807684126694
-0.6794505298555693
0.40385621128844634
-0.9342162094642128
-0.5762764466336522
-0.5334246956793811
0.01111676713491395
-0.7648901189132983
-0.7594344040024796
-0.3615906856543199
-0.8313067817370123
-0.6466759083177026
-0.8940326893999747
-0.7849691813932809
-0.5937652084732022
-0.7715521012791179
-0.7703754614457338
-0.7624987465900622
-0.8642611621057016
-0.732367455317978
-0.8531804315887126
-0.7634468304846085
-0.3281578124218692
-0.22034701151298877
-0.15787757762176888
-0.4255100656269576
-0.37074689060794846
-0.43436860371029484
-0.01468910976773365
-0.73953310725278
-0.812455149299009
0.392881827971469
-0.4726595555549936
-0.5289103445650148
-0.05355631692480029
-0.8065169274061985
-0.5490571273231898
-0.6111227622739022
-0.6428539451179747
-0.5976041017424536
-0.7795473266215985
-0.7584228323472142
-0.8212799480491929
-0.7545162187997981
-0.9234571502685917
-0.9154534598913523
-0.2778331807003496
-0.5167037644232951
-0.7536612502877387
-0.454803197650683
-0.901443827343141
-0.7326129413263887
-0.9098580719068358
-0.7460088588535487
0.07539155776202355
-0.7564250841409932
-0.45409636724714497
-0.7899889470132573
-0.8266721751991568
-0.21462476605531852
-0.7513587608297225
-0.6696415476550341
0.008111461391525372
-0.512890266258406
-0.48656400811646466
-0.41659203068838385
-0.7324605707004711
-0.35848803201109125
-0.48992462692108674
-0.40537162709767527
-0.30953321999405176
-0.4205705970314226
-0.7283084711446782
-0.835378463462384
-0.4428596665348668
-0.768026414296451
-0.7426085287777064
-0.7002638109439211
-0.6890857325270674
-0.7255758835280609
-0.6928272778964573
-0.7870981376384105
-0.43481301803585265
-0.5200760951132397
-0.8051836844295776
-0.7718399124613188
-0.7097531149237113
-0.814173551357797
-0.2294766695633727
-0.43753875923253766
-0.7466522014962568
-0.8934528345180567
-0.9111616872617814
-0.9213112639537846
-0.441932745227268
-0.6552848486811574
-0.7969895307699775
-0.7978656618689196
-0.9016808483167622
-0.9037971070098139
-0.5324995193085148
-0.1696204086882789
-0.4243163749181563
-0.7395161771832534
-0.08805556613950195
-0.15062910317654674
-0.47965230722487207
-0.4731553930371127
-0.6080912126009801
-0.7486330196330436
-0.8177214681518594
-0.8984429725163454
-0.64631614433987
-0.7289179536482654
-0.7904587564431188
-0.8908456038081869
-0.5806883483648432
-0.6508110778039905
-0.9107003428666693
-0.5838399552026406
-0.7552272817206586
-0.7059555611614207
-0.6600760583623052
-0.6440829937748048
-0.8920476387458686
-0.663631372966669
-0.6508576354952571
-0.9094559827551328
-0.4841610054655525
-0.7305596335901544
-0.741027185890108
-0.8805224939033063
-0.6081853952079089
-0.6187878512602686
-0.49558316356446835
-0.8103854482971838
-0.5528917880750758
-0.5584025257118549
-0.44602918910914957
-0.7365830426345702
-0.4505913763050542
-0.8034183855776164
-0.7560487291955221
-0.9151868112960159
-0.6852510717751968
-0.6659384340440649
-0.7120265156960485
-0.8511228892030644
-0.9187802185568659
-0.8030921878928818
-0.7361775950513046
-0.9084020859259817
-0.8410034790686929
-0.854788788195438
-0.8277006769239673
-0.9003137452010296
-0.9030691140194053
-0.8985149253119126
-0.8862363923746444
-0.8052260096034232
-0.9035304584145051
-0.866893787919872
-0.9105479722407641
-0.7898709030728289
-0.8906964602173286
-0.7835470555514831
-0.8932919988573773
-0.8853010060323022
-0.6070452674558456
-0.5787557901353527
-0.7977538761612677
-0.8937189441774307
-0.8441990296952425
-0.9097522589721693
-0.2818032820085496
-0.8211783676319073
-0.8820800603014336
-0.7576609792176972
-0.48512071968779025
-0.8786390236664765
-0.7515449915947117
-0.8813901599674683
-0.8111938591179274
-0.8471998845220412
-0.8157057226515806
-0.8907482559082883
-0.7403669131778456
-0.8015140918557548
-0.8390311259667201
-0.8655266848041271
-0.9159571294602946
-0.6350110904014178
-0.8659795641644497
-0.9330988248742655
-0.7065829594014931
-0.8189562960041338
-0.8569177444406754
-0.6929711834875761
-0.8629194540942511
-0.8537645189879807
-0.8617301167087306
-0.8663520256944188
-0.8837603697037385
-0.8928052593579585
-0.8915228065899542
-0.9059218307376703
-0.8733653070033185
-0.9009909479828123
-0.7404219359038863
-0.8462729632144578
-0.9083893883737929
-0.8904011894826384
-0.8988196665637139
-0.8370376102778954
-0.9054223936861243
-0.9274441816463367
-0.8299439111386391
-0.7550664460599915
-0.9078306960788624
-0.8867950846696118
-0.9146704441749002
-0.9291498861529791
-0.866326630590115
-0.92326245446881
-0.8602572006583592
-0.9101628131586401
-0.8332706698041711
-0.6735143010633879
-0.8506028285004996
-0.8945278939341276
-0.8667498823287285
-0.8649679925091472
-0.8528418301977843
-0.8663350956248892
-0.8571928580707797
-0.5733306145328756
-0.877288850620295
-0.9342162094642128
-0.501957673849969
-0.7461781595490452
-0.6455966163842447
-0.8786347911490803
-0.23433983204013073
-0.13669565594126495
-0.6887894563100432
-0.7343228783503688
-0.7368496912299252
-0.7986867702418181
-0.7120767669687057
-0.8412235699727876
-0.7829587356348249
-0.9033696227538411
-0.8581155468609669
-0.6755713045130366
-0.8481987586251732
-0.8646082285313454
-0.8677910816057339
-0.8796675253913209
-0.7757380609740193
-0.5805428241588209
-0.8890171562973515
-0.8303544653251006
-0.8748763157101792
-0.8767640184643961
-0.8268457084119665
-0.899073617606877
-0.8963859690666537
-0.8276922118892025
-0.8344303795679702
-0.891167275129487
-0.9042203587484519
-0.7579403253651886
-0.9169475385286342
-0.920003416081455
-0.9223228356090808
-0.7465550863422014
-0.8127683555855905
-0.9276727375851899
-0.872412757845653
-0.5684799168625219
-0.8601090625498379
-0.8291905230439114
-0.8337193166471004
-0.8751979870315225
-0.8792273435831593
-0.9256411292398357
-0.5545720974773529
-0.7489970161282449
-0.8176780757535441
-0.9036489689013233
-0.8658610536776468
-0.7145993473308626
-0.7853162478189155
-0.8472676048002274
-0.9000851892621794
-0.9231651065689329
-0.9295435102698832
-0.7932945430918265
-0.9264876327170748
-0.915559272825991
-0.9196902097948981
-0.7140956777619019
-0.8379179738941845
-0.8759090499524014
-0.8908202087038524
-0.9215948426186661
-0.9226064142739593
-0.9045208674828569
-0.8957595564935154
-0.9277192952764473
-0.9080380894307805
-0.824568614058217
-0.9248835086277148
-0.8938760862566639
-0.8962082033364386
-0.8740806024415444
-0.838387783324046
-0.66301342542828
-0.8706522633587699
-0.8958526718760084
-0.6687103938300699
-0.8886870199412434
-0.8249876332794126
-0.9053123482340831
-0.9120688853730468
-0.8377232780944213
-0.899691565145272
-0.8893275694571692
-0.9188211043400851
-0.9036193412796264
-0.859855111506684
-0.9248030907973829
-0.90776720831806
-0.8837603697037293
-0.8306168814030501
-0.9299159717998647
-0.8891822244754024
-0.9174300455106752
-0.5591855414282887
-0.9085840841735993
-0.868747630535008
-0.6953540907759796
-0.23034433562760548
-0.8436107097785597
-0.8387179196801848
-0.8160358590077071
-0.9204139702679257
-0.8670630886153223
-0.8439944294700757
-0.8259145545870238
-0.8981213011949899
-0.891328110790194
-0.9278928284892752
-0.8369614249649104
-0.9159401993907403
-0.9216625628968493
-0.7110990554525242
-0.8388406626843532
-0.3441736582111187
-0.9109331313229189
-0.8780930289236578
-0.588258703353847
-0.8458497114758659
-0.8932496736835164
-0.8883314884808039
-0.905837180389976
-0.9233598023686808
-0.8331479267999842
-0.7991015569456605
-0.9115680089308406
-0.8958569043933954
-0.8819276896755345
-0.07005150196800389
-0.08215966942059263
0.5037942700374647
0.9106577013347344
-0.15205439674647772
-0.6938430820691344
-0.11335332255661427
-0.10348309201208712
1.908561189480418
-0.5565600121410705
-0.38817490895769463
0.2929514164456696
-0.42082454807456415
0.22358045648642652
-0.4898145814690548
-0.6307828055326645
-0.827857280067275
-0.42962395172041057
-0.7398674761262811
0.010206557497694235
-0.44999929041740805
-0.552574349271098
-0.5944593413245945
-0.9109373638403059
-0.8901980286480979
-0.7083944768427527
-0.9020194497076474
-0.5229594251201142
-0.6206797865318817
-0.8941300372998332
-0.6452622475107374
-0.27068869135252593
-0.648686354076131
-0.8402924161478201
-0.9342162094642128
-0.7894133246487325
-0.845206368833164
-0.9320576255972693
-0.8896901265617594
-0.9007073693179399
-0.8794897596610995
-0.7991142544978186
-0.739368039074729
-0.8237094130288322
-0.6897079125828526
-0.7994740184756574
-0.8576034122572475
-0.9342162094642128
-0.9314693056805926
-0.40172319711079696
-0.8686672127046854
-0.8391242413492563
-0.7266831844683954
-0.7772744647852207
-0.8960685302627067
-0.9342162094642128
-0.7967694398658582
-0.8673297372106434
-0.8617893719521582
-0.6899618636260187
-0.9280240365282516
-0.8866088539046226
-0.8507551991264203
-0.7722420016130678
-0.8864522507613427
-0.7896291830354277
-0.8302994425990939
-0.7228056400681018
-0.8776232194937963
-0.8821314089846153
-0.8905154674520572
-0.8163786929159916
-0.8942062226127997
-0.832441654871045
-0.6869991014557033
-0.7690210558822084
-0.8841243661989551
-0.6569614840406373
-0.8715749521489725
-0.8238109934461024
-0.6904189755037253
-0.7504276070047613
-0.5503782312222456
-0.3352421840042505
-0.7773506500981687
-0.7323722463099362
-0.8142751317750642
0.04025136216497102
-0.4743458291047334
-0.014728500002369204
-0.2311950716222255
-0.8542216308656965
-0.39245398403510756
-0.7293623679738324
-0.12876815087703528
-0.27605975591557325
-0.6277819507058752
-0.9342162094642128
-0.867765686501424
-0.92490467121465
1.5363041888402302
