0.5880087
0.35889387
-1.2949344
-0.66250974
-0.05429616
-1.6895211
-1.2666289
-0.5005093
-1.1139746
-0.62014043
-0.46410376
-1.0187325
-0.910495
-0.9128983
-0.5874733
0.070853606
-0.45075208
-1.577723
-1.0570074
-0.9629226
-0.9957677
-0.6139096
-0.4192421
-1.5519098
-0.6400789
0.66660565
-1.0011084
-0.8098233
-0.8113365
-1.038048
-1.0225601
-1.8018532
-1.2292441
-0.6877889
-0.37616068
-0.4643708
-0.07726105
-0.96977645
-0.2936473
-0.56174904
-0.14713486
0.42556328
-1.4500809
-1.5244052
1.0892309
-1.1524274
-1.1213626
-0.7009626
-0.4707796
-0.7667419
-0.3030825
-0.0061410936
-1.7463993
-1.1929276
-1.1058745
-0.8732883
-0.9368423
0.5477757
1.9946529
-1.8492962
-0.89456195
-0.7452012
-0.29729676
-0.7330066
-0.50398076
-2.021355
-1.0834438
0.59450656
2.1680467
2.337346
-0.2770912
1.8997669
1.9128516
0.23703752
1.7040312
0.44995233
-0.39734536
2.8601089
1.3882195
1.4652141
1.4831945
-0.015843315
2.0716476
0.19466819
2.1632402
0.72188157
1.1476222
-0.010146598
1.5074946
1.8286469
1.0344
1.8036348
-1.0659086
0.22591113
0.24300128
-0.9646138
-1.0635942
-0.1618217
0.059994236
-0.58462495
-0.3342364
0.75454867
-0.8544179
0.58809775
-0.87845093
-0.90551037
-0.008010329
0.49196562
-0.72766596
-0.12799744
-0.5129709
-0.616669
-0.49481264
-0.847386
0.701587
-0.79994303
-1.1477989
-0.76718694
-0.9558907
-1.5954362
-0.9215324
-1.085313
-0.31136054
-0.31127152
-0.8732883
-0.8013672
-0.2134482
-0.4867126
-0.7340748
-0.8007442
-1.2328936
-1.2939552
-0.99274135
0.4457688
-0.45146418
-1.1435263
-0.4644598
0.23018366
-0.5397633
-1.1164669
-0.27424285
-1.0490854
-0.624591
-1.3504773
-1.2667178
-0.7556155
-0.93577415
-1.4222205
-1.3891083
-1.6724309
-0.7666529
-0.839286
-0.97778744
0.56762516
-1.0153502
-1.1855396
-0.5883634
-0.9592731
-1.4066435
-1.0731184
-1.132934
-1.3813642
-1.0757887
-0.41977617
-1.6753683
-1.0406294
-1.1203834
-1.1648
-0.41203222
-0.7694122
-0.0014234994
-0.9760072
-1.0594997
1.1528739
-1.2644036
-1.6471517
-0.54341274
-1.0835328
-1.3137157
-1.4591601
-0.4280542
-0.7974507
-0.26516372
-0.34580788
-1.3931137
-0.5797293
2.2585711
0.13360651
0.5832911
-0.36378813
0.54537237
0.44826114
2.614527
-0.67025375
2.1016443
-0.291244
-0.32346606
-0.44487736
-0.59192383
0.081267916
0.06800524
0.05598873
-0.8365267
0.23543532
0.72045743
-0.24753949
3.9003828
-0.14855903
-0.33352432
-0.2032119
-0.72196925
0.73274094
0.9971933
1.8570415
0.836261
2.4060626
2.1973314
0.14375378
0.6747947
0.6926859
1.4012151
0.51341736
1.3707733
2.426268
0.4981074
1.209841
3.2696495
1.4106504
4.12656
1.8660316
-0.031865332
0.028662289
-0.7332737
1.5257418
1.336949
0.13253836
0.15034062
-0.55703145
-0.86100477
-0.4128333
0.15924174
2.3328063
0.55231524
-0.2880396
0.9666624
-0.63233495
1.3965865
0.11500316
-0.62841845
-1.0053809
1.963499
3.2226515
-0.016377382
0.5570328
1.8268667
-1.1451285
-1.6698496
-1.2795354
0.16992308
-0.322843
0.50024366
-0.4967709
4.7702003
2.2283964
3.266089
0.9325711
-0.35835844
0.8236214
1.4786549
1.0108119
0.447371
0.47549856
-1.180377
-0.14642276
2.0086277
-0.41114208
-0.069072016
0.05954918
0.9838416
1.0055603
-0.5449259
-0.59966785
-0.18647781
0.18736927
0.20775284
1.0848693
-0.39912558
0.03480406
-0.022964211
-0.8731103
1.4973472
1.4149228
0.12292516
1.9780078
-0.73478687
-0.32275397
1.1648904
-0.6228998
1.5520002
-1.3029454
-0.8100903
0.76923555
-0.641058
1.4643241
1.3105127
-0.12363589
0.9343513
0.019939192
3.0887787
1.6501795
2.0393364
2.6483512
1.2801598
1.8459151
2.6892962
0.8354599
0.6106176
1.5355331
0.34260482
1.8154733
-0.314921
0.07886461
0.037741434
-0.5478633
0.13325046
0.42093468
-1.0162402
-0.03391259
-0.52498746
1.0257659
0.85806876
-0.68930215
-0.99986225
-1.1502022
-0.08901053
-0.026346639
-0.033378523
-0.62014043
-0.799409
-0.60696673
-0.6970461
-0.88076526
-1.1218076
-0.96336764
-0.7405726
-0.6891241
-0.9001697
0.15123072
-0.7622023
-0.19555695
-0.8773828
-0.5866722
-0.9596292
-0.2898198
0.13894717
0.10494489
-1.0699141
-0.63278
-1.1897231
0.19262093
-0.6718559
0.2033913
-0.3136748
0.6512957
0.93746674
0.67167926
-0.89838946
0.06497886
-0.18621077
0.56807023
-0.1904833
-0.0014234994
-0.31136054
-1.0006633
1.5378473
-0.25822085
1.3368601
0.30299485
0.8959875
0.19422314
-0.9258049
-0.76353747
-0.47612026
-0.42022124
0.17250441
-0.40909484
-0.7365671
-0.80804306
-1.4368182
-1.101513
-1.3167422
-0.838752
-0.15425575
0.42485118
0.1653835
-1.3956951
-1.0574524
-0.7687891
-0.3483002
-0.759443
-1.1267922
1.4888022
-0.8684817
-1.1136186
-0.17980196
-1.4256918
0.6055439
-1.1688945
-0.10672376
0.15710546
-1.0867372
-0.19057232
-0.16155466
-0.87756085
2.1331544
-1.0783701
-1.5913417
-0.64452946
-1.2005825
1.5809288
-1.084957
-1.0808624
2.2027612
-1.132934
1.4524856
-0.21594052
-1.3939148
-0.34278148
0.8605611
-1.2910179
0.37616205
-1.0600338
-1.2874575
-1.2256837
0.59682083
-1.2356529
-1.0833547
1.5784365
-1.0462371
-1.4758942
-1.1706747
-0.83323324
3.0158784
-0.5618381
3.7869825
-0.8620729
0.9774328
-0.4626796
-0.8187244
-0.093728125
-0.32880673
-1.0659086
-0.12719634
1.0530033
-0.31082645
0.4273435
-1.728508
-0.48315215
1.6886324
-0.74342096
-0.45208725
1.1583035
0.84311485
-1.0565624
0.4956151
-0.26640987
-1.0652854
-1.3813642
-1.3627609
-1.4099369
0.63251436
-0.52899295
-1.0106326
-0.88343555
1.646975
-0.25928897
-0.7511649
-0.5037137
-0.704523
-0.04859944
-0.7569506
-0.6938417
-1.4402897
-0.41176516
-0.99710286
-0.8476531
-1.1191373
-1.3187004
0.5126162
-0.96594894
0.14330873
-0.79371226
-0.13983592
0.3511499
2.7323778
-0.16404697
1.3161204
-0.4547576
0.47140405
-0.5392292
0.61827254
-0.624858
-0.8000321
-0.3730453
-1.4384204
-0.6365185
-1.4542644
-0.74279785
0.5219624
-0.51003355
-1.0082293
-1.1615956
-0.80768704
-0.9302555
-1.5867131
-1.0899416
-1.2395694
-1.5764768
-0.624591
-1.2968036
-1.5292119
-1.2230133
-0.79451334
-0.989715
-1.1584802
-0.6238789
-1.1368505
-0.55516225
-1.6402088
-0.7375462
-0.5786612
-0.92927635
-0.7305143
0.70336723
-1.0519338
-1.3148729
-1.0473943
-0.61221844
-1.0722283
-1.5417625
-0.31616715
-0.4428301
-1.2100177
-1.1462857
-0.7669199
-0.8028804
0.37500492
2.3093076
0.0
0.9594525
1.2858566
0.8457852
-0.9460105
-0.16395797
-0.2404186
-0.42422673
0.17633188
1.3418447
0.3694862
-0.45529166
0.49063048
-0.5855151
-0.10894904
0.33699712
-0.27904946
0.9056897
-0.23854937
0.014420495
-0.52115995
-0.046819218
-0.21754271
0.15772854
-0.28536925
-0.39485306
-0.44736966
-0.75392425
0.46686447
-0.12915458
0.18256266
-0.35266173
-0.71547145
-0.42725313
-0.23240758
-0.6471108
-0.16529314
0.028484266
-0.01842464
-0.5908557
-0.31340778
-0.3669035
-0.6712328
0.83635
-0.2969407
0.13164826
-0.71814173
0.10708117
-1.4154556
0.1605769
1.3883976
0.14651313
0.2821662
0.20437041
0.22617817
-0.016377382
0.16671868
-0.12835348
0.22867048
-0.3793651
1.3941833
-0.7781353
0.65200776
-0.04201261
-0.040143374
0.5044272
0.6194297
0.7052365
2.963718
-0.19493386
-0.1522975
0.57714933
-0.25261313
0.33975646
-0.52009183
-0.26133624
-0.59717554
-0.29008684
1.6317542
-0.19244155
0.03097658
-0.7351429
0.19689347
0.8156104
0.2106012
-1.1513593
0.3463433
-0.37731785
0.6421275
0.43045887
-0.14223923
1.7833402
0.5474196
3.5587578
-0.3437606
2.6368687
0.4090962
-0.4771884
0.486803
0.9181513
0.2025902
-0.38702005
2.8111527
1.5393605
0.004807285
0.31278607
0.61426705
-0.35114855
0.7356783
0.04263705
-0.35586613
1.5279671
0.6825386
2.4415781
0.04717662
0.2384617
0.5362042
0.7246409
0.22030342
-0.35230568
1.6752807
-0.42262453
-0.5560523
-1.0970625
1.240906
0.1764209
-0.28198683
0.44861716
0.18567806
-0.6034063
0.93915796
0.26089254
0.240865
0.23080674
0.3017487
0.095420696
1.3857272
-0.3365507
-0.36725956
0.13244936
-0.15932938
0.86599076
-0.10440947
-0.17125688
0.087498695
2.4531496
-0.33841994
0.37607303
2.2226996
-0.16831952
0.35248506
0.7690575
0.3433169
-0.52587754
2.2327578
0.44523475
0.5521372
-0.35835844
0.3853302
-0.0538511
0.25929034
-0.47184774
-0.012994956
1.1242123
0.22715728
0.29204646
-0.6672273
0.7992323
0.086430565
-0.43054655
0.7594443
0.2732651
0.10298665
-0.047620315
0.39921597
-0.505939
-0.19146243
3.8803554
1.8955834
0.5224075
2.3188317
-0.29106596
-0.23917244
-0.114200704
0.15470216
0.8239775
-0.2158515
-0.15407772
0.10574599
1.4985934
-0.30966932
0.4733623
0.2701497
0.28305632
0.11500316
-0.47959173
-0.18941517
-0.28919673
0.115181185
-0.021183988
-0.10921607
-0.49187526
0.050648056
0.7166299
0.471226
-0.057233527
0.39752474
-0.55044466
-0.3319221
-0.3136748
-0.16849753
0.012640271
1.6951301
1.4911164
-0.26854613
0.20704076
-0.37197715
0.3019267
0.012818294
0.03676231
-0.40375417
0.45662817
0.9781449
-0.27904946
0.14037135
-0.3215078
-0.20810753
-0.11624796
0.80840045
-0.0034707573
-0.27157253
-0.18923715
-0.4222685
0.09025805
0.7962949
1.3989009
-0.2881286
-0.8558421
0.39423132
0.30611023
0.6449759
0.18532202
-0.22226031
0.096844874
-0.54741824
0.26596618
1.2904851
0.33735317
0.58427024
1.352882
0.8497907
0.06649205
0.6026066
0.19662644
0.49285576
0.0063204756
1.090299
-0.09016767
0.35239607
0.36743894
-0.070496194
0.29863328
-0.053317033
0.123014174
0.35070485
2.51163
-0.21148995
-0.64746684
0.87969846
-0.24504718
0.6275297
0.4719381
-0.068983
-0.15986346
-0.12078753
0.56112736
0.53326684
0.12995705
1.0838012
0.40633684
0.61756045
0.37126642
0.32133114
0.54546136
0.072277784
0.29676405
0.6054549
0.55000097
0.9691547
0.09346245
0.6131099
-0.34838918
0.72090244
0.67710894
-0.016644416
0.5609493
-0.31545505
1.1418365
0.2987223
0.0287513
0.8776512
1.2979622
0.34447405
0.9497503
0.5797307
1.0799737
0.5352251
-0.051714834
0.0382755
0.11633833
0.74627066
0.447371
0.12773177
0.032934826
0.24958812
1.2506082
0.08411627
1.1666706
0.45182157
0.53834045
-0.42600697
0.19244291
0.75481576
0.73879373
1.4545329
0.574657
0.26382992
0.009257846
-0.21407127
-0.23605704
-0.29266816
1.6444827
0.80581915
-0.51403904
-0.21282512
0.38969174
0.44986334
-0.14882606
0.31572345
0.25297055
-0.61266345
-0.21460535
-0.14081505
0.26489803
-0.13031173
-0.6923285
-0.22955923
1.1745926
-0.16867556
-0.8118706
-0.43588722
-0.35826942
-0.13574141
0.2582222
-0.41399047
0.53326684
-0.17659757
-0.65859324
-0.84293544
-0.41541463
0.27833873
-0.027681805
0.35408726
-0.07183137
-0.88815314
0.10093939
0.35951695
0.1478483
0.16315822
0.36138618
0.10441083
0.20285723
0.07254481
0.75962234
0.9742284
0.5148415
-0.30735502
-0.12951063
-0.30584183
0.42627537
0.765052
0.5733219
0.54368114
0.90987325
-0.9470786
2.5703773
0.5154646
0.4090962
-0.204013
-0.72277033
0.58133286
1.3197699
-0.1769536
-0.09871275
0.09773499
-0.50202256
0.81302905
0.03631725
-0.012638912
0.53656024
1.7618885
0.121857025
-0.47015652
-0.18425252
0.72232664
0.46659744
-0.38221344
0.41888744
-0.23436584
0.16654065
-0.47772247
0.30539814
-0.08313579
-0.11713807
1.0731198
0.21229242
-0.02421037
-0.15496783
-0.51181376
-0.00017734252
-0.11224245
-0.30904624
-0.39342886
-0.73176044
0.034715053
0.57056254
0.2504782
0.26400793
0.29258052
0.5132393
-0.5051379
-0.42369267
-0.1419722
0.73452115
0.7307827
0.41835335
0.36913016
0.1653835
0.8491676
0.3788324
-0.08420392
0.34705538
-0.7081725
-1.0818416
-0.6279734
-1.228621
-0.6288635
0.8784523
-0.2570637
-0.67862076
-1.1456625
-1.696909
1.8914889
-0.5192017
-0.41657177
-0.24718344
-0.32204187
-1.6915684
-0.38319257
1.0273681
-0.6437284
-0.7318495
-0.6548548
0.8715984
-0.2532362
-0.3882662
-0.81124747
-1.4331688
-0.6494251
0.02501283
-1.9583349
-1.5965043
-0.85317177
-1.5831527
-0.029640052
-0.78294194
-1.419016
-1.3298268
0.1439318
-0.9438742
-1.2260398
0.18790334
-1.4313886
-0.12158863
-0.19715914
0.11286689
-0.4944566
-0.8642092
-1.1205615
-0.08598415
0.46819964
0.3575587
-1.5753196
-0.5862271
-1.1970221
-0.27504396
0.025279863
-0.48591152
-0.42360365
-1.5469251
0.09595476
0.27032772
-0.8580674
0.7712828
-1.3918676
-1.5390031
-0.40971792
-0.8699949
-1.1323109
-1.7637564
-1.5414954
-1.0955492
-1.4309435
-0.9964798
-0.4549356
-0.5227622
-0.4205773
-0.17641954
-1.87146
-0.44914988
-0.35933757
-1.4923613
-0.5168874
-0.11144135
-1.4240897
-0.7215242
0.32195422
-1.4576468
-0.32987487
-1.3650752
-1.4525732
-0.52828085
-1.260131
-0.57385457
0.12461637
-0.74066156
-0.5840909
2.9387949
-0.39894757
-2.0193965
0.16271317
-1.1137075
-0.9879347
-1.1579461
-1.1122833
-0.7178747
-1.2928871
-0.83243215
-1.4830151
1.622497
0.99568003
-0.25581753
1.7982942
-0.87613666
-0.64123607
-0.2150504
-0.08295777
-0.27005932
-0.20659433
-0.48092687
-1.482036
-0.3032605
-1.4015698
-1.7369641
1.1900805
-0.704256
-0.7791144
1.8190337
-0.299344
-1.0906537
-0.047353283
-1.1663132
0.7022991
-0.3898684
-0.046997238
-0.8892213
0.46116775
-1.196844
-1.0821086
-1.3402411
-0.60082495
0.2273353
-1.7933081
-0.2015207
-1.220076
-1.4793656
-0.61791515
-0.20294487
-0.4833302
-0.7079055
0.0605283
-0.624947
0.31572345
0.41203356
-0.24095266
-0.7733287
0.71476066
-1.8690567
-1.426938
-0.98980397
-0.96906435
-0.7067483
0.45653918
-0.30699897
-0.33815292
-1.0524678
-1.0180205
-0.6582372
-0.35025844
0.9656833
-0.97520614
0.15941976
0.22048144
-0.93782145
-0.2634725
-0.6333141
1.2059245
-0.7354099
-1.5956142
0.32373443
-0.8695498
0.051983226
-0.091858886
-1.2327156
-0.7864134
0.21950231
-1.0831767
0.53113055
-0.81267166
-0.10173913
-0.608747
0.94538873
-0.7215242
0.06488985
0.08402726
0.17935826
0.49347883
-0.31643417
-0.26836812
-0.8027914
0.56370866
-0.54554904
-0.43775645
-0.727933
0.69678044
-0.54875344
3.7605462
1.5646397
3.7722957
0.35043782
3.068128
1.5673101
3.94925
-0.25848788
3.1680877
-0.29551652
2.7936175
5.6432223
0.45698422
4.4087257
2.1739213
3.0421367
3.6176832
-0.9240247
1.4859538
0.69152874
0.47790185
0.98268443
-0.51252586
1.2266642
0.16244614
0.7864147
1.0635957
2.0092506
0.8299412
0.3160795
1.1901696
3.3013375
2.265425
3.14717
2.488754
0.5384295
1.5561837
-0.6579702
-0.52685666
0.52970636
-0.6680284
-0.2150504
-0.61515576
-0.55667543
0.9512635
-0.052782968
-0.19226353
-0.13449526
-0.12514909
-0.35497603
-0.05358407
-0.026168615
-0.6431053
-0.40606844
-1.1180692
1.2615565
-0.6823592
-0.2420208
-0.25012082
0.9251832
0.4283226
-0.3873761
-0.6580592
-0.9249148
0.5514251
-0.19386573
-0.4144355
-0.8079541
-0.38951236
-0.0864292
0.5216064
-0.93390495
-0.9495709
-0.60474145
-0.08972262
0.02296557
-0.418352
0.5197371
-0.48573348
-1.2406375
0.6045648
0.8597599
0.31972894
2.7512481
-0.57421064
-0.73638904
0.6622441
-0.49098516
-0.01833563
-0.36343208
-0.49685988
-0.5944162
0.74529153
-0.34874523
0.62868685
-0.32311
-0.934528
-0.378742
-0.15799421
1.662374
-0.5876513
-0.98499733
-0.9198412
-0.7843661
-1.0493524
0.30326188
0.9188634
-0.6066997
-0.91672575
-0.3928948
0.014153462
-0.36868376
-0.4913412
-0.62663823
-0.17285909
-0.23765925
-0.06373134
1.0488198
-0.47834554
-0.74066156
-0.53086215
2.0451221
0.22439794
-0.19404376
0.66518146
-0.055631325
0.35186198
0.31269705
0.46410513
3.5808327
-0.11963038
0.41924348
1.8498316
0.63367146
-0.36770463
0.15897469
-0.03435765
0.19813964
2.3800714
1.8436898
0.7353223
-0.17819975
0.40366653
0.013619395
1.0716957
0.24754085
1.5723836
0.50629646
-0.06186211
1.2001388
-0.11847324
0.717164
-0.053940114
0.3701093
-0.047709327
-0.095508344
0.54546136
0.4035775
-0.33388036
1.2008508
-0.07797314
0.3487466
0.83635
-0.6302877
0.7081739
0.21158032
0.47523153
0.023677662
0.3161685
0.13173726
0.49116454
1.2503412
0.25617495
0.018515011
1.7401698
0.5171558
0.14669116
0.0986251
0.20543855
0.25314856
0.52133936
0.78970814
0.034982085
0.35070485
0.5044272
1.2903962
0.6169374
0.7500091
0.15719448
3.6929867
2.2279513
0.7919334
0.81454223
1.0774814
0.5338009
0.34046856
0.17179231
0.095420696
0.9658613
-0.6460427
0.7202794
3.18767
0.20294623
0.6324253
0.43775782
2.4372165
0.7504542
-1.3258213
-0.82353103
-1.078014
-0.9930084
-1.4061984
-1.4244457
-1.2000484
-0.7057692
-1.1779736
-1.070003
-1.6629957
-0.9867776
-1.3154069
-1.7066113
-1.2183847
-1.0594997
0.90577877
-1.1237658
-1.2059232
0.12096691
-0.6765735
-1.0821975
-0.31394187
-0.36076176
-0.89447296
-1.9849492
-1.9484547
-1.4196391
-0.7589979
0.10307566
-1.1548307
-1.81565
-1.5787911
-0.84676296
-1.395072
-0.36841673
0.28679478
-0.79762876
-0.84498274
-1.3149619
-0.30833414
-1.7588608
-0.81730026
-0.7306923
1.384303
-1.2017397
-1.0157952
-0.7784914
-1.3326751
-0.8860169
-1.0238062
-1.6746562
-1.1307087
-1.0099205
-0.7863243
-0.9940765
-1.125012
-0.45618176
-0.9906941
-1.8441335
1.002801
-1.0544261
-1.6641529
-0.9165477
-0.9040862
-0.33272323
-1.7413256
-1.5767438
-0.35818043
-0.9517962
-0.9445863
-1.3026783
-0.40037173
-1.4166127
-0.5273017
-1.458982
-1.0409855
-0.85067946
-1.5969495
-1.1310648
-1.1278603
-1.4540864
-1.0650184
0.9615888
0.031332627
-0.55765456
-0.9010598
-0.656457
-0.48537743
-1.1060526
-0.6382987
0.09346245
-0.27246264
-0.9275851
-0.3579134
-0.039520297
-0.26498568
0.10182951
-0.32898474
-1.395606
1.0295933
-1.1356044
-0.33548257
0.67452765
-0.55053365
1.1852739
0.939692
0.598156
-0.1760635
-0.8896664
-0.9274071
-0.9647028
-0.47051257
-0.25199005
-1.0166854
-1.2715244
-1.3226168
0.020117214
-0.3660134
-0.5495545
-0.37963212
-0.8526377
-0.69268453
-0.32453418
-1.3059717
-0.4271641
-0.6313558
-1.0986646
-0.8831685
-0.017890573
-0.63126683
0.72793436
-0.008277362
-1.0388491
-0.7267758
0.17179231
-0.84115523
-0.32319903
0.77502126
-0.7328286
-0.48386425
-1.0874493
-0.71511537
-1.0285238
-0.31839243
-0.36574638
-0.6077679
-0.78018254
-1.4618304
-0.19146243
-0.49392253
-0.4754972
-0.99843806
-0.91601366
-0.28590333
-0.4040212
-1.4855074
0.45876446
-1.1931946
-1.2942224
0.2129155
-0.6747043
-0.5194687
-0.52658963
1.9995484
-0.6371415
0.15523623
-0.85610914
0.23089576
-0.529883
0.34224877
-1.3122026
-1.3256433
2.280557
-1.1866968
0.3686851
-0.7968277
1.0302165
-0.5382501
-1.157323
-0.84293544
-0.59904474
-1.5207558
-0.5815986
-0.59112275
-0.4547576
-0.6924175
-0.8208607
-1.1321329
-0.5868502
0.37678513
-1.0181096
-1.2555914
-0.2269779
-0.8641201
-1.2894157
-1.1349813
-0.5744777
-0.75775176
-0.7641606
0.08883387
-0.1062787
-0.8124936
-0.23525594
-0.44523337
-0.33610564
0.23018366
0.2033913
-0.775287
0.46935678
-0.42022124
0.08073384
0.5838252
-0.9275851
-0.91921806
-1.0044909
-0.45591474
-0.32408914
1.2701906
-0.5302391
-1.0515777
0.8243335
-0.83857393
-0.8964312
-0.5776821
-0.3086902
-1.085224
-0.9702215
-0.045840092
-0.4771884
-0.39485306
-0.9988831
-0.5271237
-0.6581482
-0.39512008
-0.6686515
-0.78721446
-0.56878096
1.0376043
-0.93969065
0.38960275
-1.0002183
0.2676574
-0.44505537
0.9042655
-0.14615573
-0.32035065
-0.24727246
-0.15603597
-0.2795835
-1.2862113
-0.52899295
0.4067819
0.18398684
0.026704043
-0.62200963
0.14900544
-0.70229775
0.52400964
0.7832993
-0.6230778
-0.52765775
0.63411653
0.15292193
0.44906223
1.3464732
0.64684516
0.26276177
-0.24851862
0.5012228
0.3146553
0.26000243
0.29258052
-0.12550512
0.15550326
-0.5909447
0.1765099
-0.2388164
0.114736125
0.22537707
0.5655779
-0.4041992
0.32070807
-0.12719634
0.26382992
-0.2063273
0.06702612
-0.59575135
-0.67141086
0.542613
-0.04779834
-0.36414418
0.16075492
1.2103751
-0.084827006
-0.16306786
-0.24709444
-0.08669624
-0.50691813
0.5058514
-0.23579001
-0.16600522
0.94236237
-0.3143869
-0.5034467
-0.203835
0.030709548
0.5022909
0.29427174
0.39093792
-0.5066511
-0.31963858
0.08785474
0.2137166
-0.11767214
-0.029729065
0.0176249
-0.2619593
0.54047674
-0.45849606
0.6679408
0.53798443
0.47701174
0.9588294
0.89144796
-0.021718055
-0.4517312
-0.36236396
0.34954768
2.0724487
1.3348128
-0.11402268
1.4070009
-0.019759808
-0.24851862
0.02349964
0.8293181
0.016734786
-0.46490487
-0.40669152
-0.27575603
1.6896114
0.21407264
-0.4081157
-0.43214875
0.4695348
0.41194457
0.4226259
1.4272064
2.129505
-0.38434973
1.6047838
1.685606
2.010675
-0.10841497
0.28483656
-0.40295306
-0.30343854
0.03177768
0.7687015
0.41069838
0.49686125
0.3019267
0.907737
0.50380415
0.88868856
-0.4159487
0.6851199
2.075297
1.2774005
2.7994032
0.77795863
1.1223431
0.53816247
3.3081913
2.6213808
1.2227477
0.9203766
0.14740324
0.550446
2.440065
1.0015548
5.20413
2.0318596
2.8669627
3.2360032
4.4862547
1.2628027
1.178331
1.1664035
4.5163403
3.5783403
1.7680303
2.289814
0.121500984
-1.2976047
-0.60767883
-0.89474
-0.7312264
-0.47736645
-1.2408155
-0.6769296
0.28181016
-0.80047715
-1.3508334
-0.85326076
-1.0329744
0.28421348
-0.5286369
5.9886746
-1.5116767
-1.3364136
-1.6360253
-0.5403864
-1.2709013
-0.70630324
-0.894918
1.1162902
0.09488663
-1.2061012
0.5234756
-1.4959217
-1.0704482
-1.3527917
-1.0577195
-1.0027106
-0.41621575
1.1674716
-0.28590333
-1.0970625
-0.011214732
-0.17917888
0.407405
-0.32408914
0.031866692
-0.18585472
0.3883566
0.717075
0.084205285
-0.32400012
1.9441835
0.49267772
0.074859105
-0.012282867
-0.0816226
0.5021129
0.083493195
0.010860047
0.026882065
0.10441083
0.001335848
0.1884374
0.68663317
0.30130363
0.53193164
-0.33833092
4.246547
1.9497021
0.24148808
0.101295434
0.66998804
0.7066607
1.8626492
0.043972217
0.14704719
0.22101551
4.282775
0.8489896
1.2819401
2.266226
3.2651098
-0.28439012
1.9441835
0.87400174
0.24442546
0.19119675
0.21914628
0.11348997
3.638957
0.11277788
1.0731198
0.38488516
1.0678681
0.69936174
0.45653918
0.36993125
2.8778222
0.32355642
-0.09310505
-0.3062869
-0.4610774
-0.9603413
-1.1122833
-0.95731485
-0.8997246
-0.5856041
-1.28363
-1.0742756
0.33726415
-0.15033925
-0.55667543
0.9520646
-0.8641201
0.7768905
0.3645016
-0.46463785
-0.2452252
0.93782276
-1.1985352
-0.656635
-0.7088846
-0.584803
-0.9853534
0.20045392
0.024478761
0.88895565
0.6288649
-0.089989655
0.4583194
-0.77973753
0.53887457
-1.1422802
-0.15897334
-0.22154821
-0.28670442
-0.05002362
-1.0638613
0.13066913
-0.870974
-0.13672054
-1.2089496
0.0145095065
-0.42841026
0.029641412
-1.1548307
-0.010502643
-0.8486322
0.43001384
-0.6930406
0.3505268
-0.8612718
-0.12559414
-0.8189915
0.26382992
-0.7344308
-0.74742645
-0.6400789
-1.0392942
0.939692
-0.767721
-0.8512135
0.43036988
-0.34696501
0.53896356
-1.2121539
-0.050913732
0.72909147
-0.34100127
-0.08010941
-0.13502933
-0.20837456
-0.20374598
-0.48884887
-0.27735823
-0.26881316
-1.2558584
-1.323596
-0.6460427
-0.39476404
-0.9472566
-0.66001743
-1.1688055
-0.17971295
-0.22813505
-0.7032769
-0.7614902
-0.3732233
-1.2556804
1.4620098
-0.93141264
1.7154247
-1.0473943
-1.093947
-0.5582776
-0.53931826
-0.84320253
-0.6582372
-0.42930037
-0.78472215
0.08847782
0.5327328
-0.7476935
1.8257096
0.5270361
1.0149955
0.7576641
1.5371352
0.63732094
1.0547835
0.54679656
0.8055521
1.5656189
-0.17152391
-0.2507439
0.41514897
-0.022430144
-0.040855464
-0.56174904
0.07512614
0.29765415
-0.3636991
0.93675464
0.044417273
-0.050646696
-0.42431575
2.0615003
0.6897485
1.7483588
0.8966996
1.312738
0.12969
1.360181
0.33948943
-0.11891829
0.5004217
0.60465384
0.9254502
0.9421843
-0.7723496
1.0044031
-0.47442907
-1.2014726
0.6951782
1.6957532
1.1056979
0.14686917
0.6407034
0.5681592
0.23053971
1.0514011
0.31928387
3.0646565
-0.87943006
-0.23694716
-0.0077432953
-0.62521404
-0.9688863
0.6172044
-0.23668012
-0.055720337
0.9581173
-0.20428005
0.35524443
-0.36067274
0.8317214
-0.19537893
-0.18273933
-0.24923071
-0.386486
-0.2564406
-0.02501147
0.13770102
3.7949936
0.13102518
1.2505192
-0.24344498
0.46446118
0.51831293
-0.5730535
2.1700048
0.81917083
-0.57697
0.1884374
0.44781607
-0.25029883
-0.44808173
0.5519592
-0.53299844
-0.52587754
-0.10779189
0.13066913
-0.6956219
-0.42022124
-0.06248519
0.91806227
-0.53807205
0.6981156
0.05002498
0.43820286
-0.362809
0.76638716
-0.43197072
-0.13529636
1.8545492
-0.8773828
0.64310664
0.69313097
-0.17205799
-0.17588547
-0.80884415
0.5402097
-0.4469246
-0.39431897
0.5679812
-0.034001604
-0.3778519
0.86385447
-0.7135132
0.6599298
0.13022408
1.0898539
-0.27264065
-0.13796669
0.1280878
-0.7526781
-0.083313815
0.7614916
0.070408545
0.35613453
-0.31883746
-0.11473477
1.6505356
0.016823798
-0.7479605
2.56023
-0.27486593
0.26917058
-0.21513942
0.5072756
0.1328054
-1.1830473
-0.08393689
-0.73176044
0.6496935
0.4901854
-0.3594266
-0.6834274
-0.94253904
1.6154652
0.08473935
-0.83252114
-1.3102443
-0.48591152
0.8189928
-1.0369799
-0.009701542
-0.6044744
-0.64524156
-0.062752225
0.00062375836
-0.7183198
0.08260308
0.41924348
0.04762168
-0.61017114
0.24780789
0.026971076
-0.9857094
-1.4477667
0.22608915
-1.0760559
-1.236009
-0.42823225
-1.1705858
-0.77439684
-0.4667741
0.75632894
-0.75712866
-0.8176563
-1.0732075
-0.06106101
0.6059
-0.15594696
0.859849
-1.2571046
-1.0506877
0.4346424
-0.7778683
-0.5439468
-0.20695038
-0.688234
-0.08126655
-0.56415236
-1.1819792
-0.107880905
-0.5891645
-0.02732576
-0.91272026
-0.05669946
-0.6196064
-0.4232476
-0.6536086
-0.22964823
-1.2667178
0.41016433
1.0425
-0.96977645
-0.9470786
-0.12728535
0.03240076
-1.1084559
0.2257331
0.89046884
0.3574697
-0.110818274
0.40776104
0.37696314
-0.69517684
0.62797475
1.7264621
-0.14535463
0.74903
-0.7813397
-0.3207067
-0.8884202
0.33432677
-0.48386425
0.43615562
-0.6816472
-0.79994303
0.72882444
-0.039431285
-0.30343854
-0.86572236
-0.5912118
-0.5489314
-0.33040893
-0.45368946
-0.088832505
-0.9649698
0.070853606
0.48164034
0.60038126
0.4273435
0.6601078
-0.11366663
0.16823186
-0.29649565
-0.3810563
-0.31251767
1.6672696
-0.9668391
0.42912373
1.1646234
0.5337119
-0.2705044
0.1867462
-0.24745049
0.64292866
-0.3276496
0.23499027
2.7186701
1.1136199
-0.4549356
-0.48858184
0.30958167
0.46757656
3.3486915
-0.29346928
-0.2951605
-0.25688568
0.018069955
-0.27406484
1.1702311
0.64631104
1.4299657
0.34429604
0.09791301
-0.5425226
-0.902751
0.62797475
0.17918025
-0.17944592
-0.122745775
-0.19769321
-0.3523947
-0.22911417
-0.16315687
0.8823688
-0.132537
0.5923703
0.76745534
-0.23062736
0.04192496
-0.37509257
-0.26222634
-0.5888085
0.94859314
2.8562813
0.693398
0.94779205
-0.3579134
0.93034583
-0.82931674
0.9189524
-0.24371201
-0.03604886
0.08108989
-0.057945617
-0.48413128
-0.018068595
-0.09933583
0.39983904
-0.577148
-0.032844458
0.7752883
-0.05073571
0.42787758
0.23694852
0.96230084
1.756815
1.3215501
1.6555202
0.24620569
2.1643083
-0.83483547
0.07690637
-1.7091925
-0.4388246
-1.3053488
-1.1387197
0.82816094
0.44835013
-0.25181204
0.29952338
-0.68538564
-0.98953694
-1.1481549
-1.2742838
-1.0349326
-0.9552676
-1.3912445
0.80902356
-0.24656036
-0.9638127
-0.37900904
-0.34473974
0.19662644
-0.68075705
-1.0593218
-0.40820473
-0.8138288
0.10538995
-0.12069852
-0.74342096
-1.315763
0.6599298
-0.4826181
-1.3970302
-1.4159896
-0.5364699
-0.24682741
-0.9825941
-0.4461235
0.24665074
-0.29222313
-0.31225064
-0.5181336
-1.0786371
-1.4877326
0.58676255
0.15541425
0.11010755
-0.9836622
-0.32204187
0.42004457
0.6590397
0.22982763
-1.7496036
-0.31216162
0.108416334
-0.6598394
0.27290905
-0.5653095
0.22831443
-1.2036979
0.45102048
0.3654807
-0.2849242
0.36592576
-0.96657205
0.4131017
0.9135227
-0.5730535
0.1367219
0.25857824
-0.83243215
-0.000800421
0.6737265
0.49748433
1.3544842
0.312163
0.9290997
0.0850954
0.5014898
-0.5565864
0.058659066
-0.030619176
0.3376202
0.46766558
-0.1698327
2.9841015
-0.3525727
0.42752153
-0.58960956
0.26080352
0.58676255
-1.1278603
0.13138123
0.3646796
0.6328704
0.37366974
-0.54652816
0.26436397
-0.362809
-0.0031147124
-1.4623644
0.35497737
0.86136216
1.0134823
-1.4145654
-0.26080215
0.677554
1.7746172
-0.37500355
0.30700034
-1.244287
-0.33797488
-0.27673516
-1.0036007
-1.0898526
0.11259986
-0.44630152
-1.0627931
-0.4960588
-0.82281893
-1.04508
0.598334
-0.4246718
-1.0514888
-1.4048632
-1.30793
-0.31216162
-0.80083317
-0.4729159
0.002582005
-0.68253726
-0.81418484
-0.118740276
-0.5976206
0.65227485
-1.4639667
-0.24647136
-0.8035925
-0.58604914
-0.85067946
-0.87862897
-1.506069
-0.7163615
0.22555508
-1.7387443
-1.092968
-0.8617168
-0.7581078
-1.0878053
-0.69891536
-0.7960266
-0.75472534
-0.66971964
-0.24736147
-1.141301
-0.43303886
-1.3187004
0.13262738
-1.6369154
-1.1716539
-0.73870337
-0.8699059
-0.2365021
0.42556328
-0.65271854
-1.0436558
-0.84507173
-0.20890863
-0.50424784
-0.30085722
-0.132537
-0.7542803
-0.6217426
0.30548716
0.20080997
-0.7712814
-0.54448086
-1.0338645
-1.1875869
-1.1404109
-0.73345166
-0.9590951
-0.36966288
-0.2969407
0.82157415
0.77715755
-1.3600016
-0.54652816
-0.20873061
-0.0403214
-0.1698327
-0.28038463
-0.5508007
0.91370076
0.57065153
-0.2681011
-0.7164505
-0.9763633
-0.85753334
-1.0021765
-0.21932293
-1.141034
-0.6444405
-0.9169038
4.2874928
1.1429936
-0.29418138
1.1442398
-0.45288834
-0.35177162
0.94565576
0.463304
-0.00062239857
0.5886318
-0.5635293
0.32551467
0.46187985
-1.0388491
-0.51314896
0.31652454
0.42867866
0.69722545
1.2153597
-0.36245295
-0.37927607
1.7844974
-0.4246718
-0.49846208
-0.78792655
-1.6002429
-0.13636449
-0.1133996
0.43170506
-0.1666283
-0.00881143
-0.26356152
-1.2243485
-0.67675155
0.7536586
-0.77110344
-0.36717054
2.5097606
-0.8574443
-0.8993686
0.6342055
-0.81738925
-0.61809313
-1.1218966
3.3073902
-0.83234316
-0.36788264
1.2680544
-0.7399495
-0.68431747
0.5908571
0.11544822
-1.2617332
0.9581173
0.16716373
-0.7426198
-1.1931946
-0.402597
0.2232408
-0.75864184
-0.47656533
-0.6515614
2.3590648
-0.38452774
-1.0686679
-1.0230051
-0.86821467
-1.0335975
-0.61586785
0.44051716
-0.9298994
1.1732575
-0.4221795
-0.5517798
-0.9298994
-0.14704584
0.18443191
-0.52267313
-0.91966313
-1.1388087
3.6674404
-0.3509705
0.050470036
-1.1178911
0.16235712
1.3131831
-0.43143666
0.56050426
0.93987006
0.13930322
-0.7858793
-0.15167442
0.11500316
-0.13476229
-0.19235255
1.5404286
-0.4198652
-1.4401116
-0.6630438
0.5521372
-0.91094005
0.66607153
0.57528013
0.010949058
1.4831945
-1.1865188
0.9776998
1.3942722
-0.60687774
-1.0184655
-0.6431053
0.10458885
1.0464164
-0.41007397
-0.9955897
-0.22955923
-1.3166531
-0.1792679
0.52668
1.1318672
-0.06862696
0.046998598
-0.49988627
-0.15754916
-0.32293198
-0.9158357
-0.10138309
1.0524693
-0.6025162
-0.67141086
0.90871614
2.1487312
-0.7654067
-0.5525809
-0.34856722
-0.5747447
0.75018716
-0.5309512
-0.49828407
-1.037247
-0.6134646
-0.9194851
0.3210641
-1.1423692
-0.28741652
0.45137653
-0.23445484
0.3209751
-0.7422638
0.54902184
-0.023320258
-0.046196137
-0.31892648
-0.2919561
-0.8885982
-0.74342096
-0.35426393
0.44781607
-0.73487586
-1.0240732
0.22457597
-0.24095266
-0.35381886
-1.2036089
0.57946366
-1.1773506
1.4627218
-0.54474795
-0.48413128
-0.6622427
0.1033427
1.8727075
0.23231994
-0.84925526
-0.7176967
-0.8591355
-0.3748255
-0.80154526
-0.8806762
0.2875959
0.9671075
0.37500492
0.39191702
-0.35764635
0.5412778
1.6809773
-0.05153681
-0.21869986
-0.40775967
-0.8083101
-1.0658195
-0.3102924
1.0575428
1.0543385
-1.0002183
-1.0398283
-0.92607194
-0.34402764
1.4261383
-0.45075208
3.5897338
-0.8226409
-0.03177632
-0.80377054
-1.1679153
-0.2381043
0.30726737
-0.68787795
0.22137156
0.40099618
0.3510609
-0.68654275
0.121144935
0.13084716
0.7257091
-1.9116931
-0.3587145
0.55400646
-0.5145731
1.4117185
-0.6906373
0.9964812
-0.14722386
-0.6622427
-0.8818334
-0.32809463
-0.49160823
-0.12835348
1.1089023
-0.98481935
-0.49668187
-0.1316469
0.44603586
-1.0605679
-0.44247404
-0.2022328
0.3718005
-0.60625464
0.19404511
0.10788227
0.07316789
-0.78872764
-0.36663648
0.19377808
-0.092927024
-0.67034274
-1.3894643
2.35319
1.448035
0.3464323
0.8092906
0.056166753
0.9104073
-0.1412601
-1.0123239
-1.7515619
0.1312032
0.8006565
0.24691777
0.21175835
0.54083276
2.1526477
1.1669376
0.621655
-0.2713945
-0.18986022
-0.2697923
0.622011
-0.15194145
0.32373443
2.7159996
-0.7505418
0.7840114
1.2379686
-0.5791063
-0.081355564
0.03631725
3.5459402
1.5213803
1.3871514
1.1866981
1.5291243
0.04183595
-0.41390145
0.8308313
0.915481
0.3089586
-0.20267785
1.5611683
-0.8569992
0.7655861
0.89723366
0.39351922
0.43722373
-0.36236396
0.029641412
1.0570087
0.37945548
0.46811062
-0.70122963
2.3123338
-0.027147738
0.43428636
-0.092927024
-0.09087977
4.843991
0.43953803
-0.027681805
1.074811
-0.17730965
1.4337932
-0.9091598
-1.0669767
-0.92749614
-0.32417813
0.84569615
-1.0732964
0.26641122
-1.0647514
2.272991
2.0550025
-0.58453596
1.3150523
-0.6984703
-0.8623399
0.56041527
-0.25127795
5.505789
3.393286
-0.23356473
1.6442157
-0.1253271
1.7083038
-0.04183459
1.098221
3.282022
-1.0880723
1.3247545
-0.6977582
-0.7683441
2.65476
1.2361883
-0.9437852
-0.65280753
1.7598413
2.9873059
0.022698538
2.7616625
1.5283232
0.26115957
-1.2665398
6.595642
0.8902018
-0.99843806
0.5571218
1.0873616
-0.6586823
0.2875959
-0.22501966
0.21353857
2.138673
-1.1301746
0.20543855
-0.7136022
1.2317377
-0.31465393
-0.9806358
-0.23133945
2.5638795
-0.640791
1.5701584
4.2882047
-0.20766248
1.1964003
-0.3244452
1.2207894
0.18460993
0.5609493
-0.7942463
-0.736033
0.34198174
-0.7654957
-0.0880314
2.8895717
4.5477614
0.49757335
-0.70621425
-0.8967872
1.2280884
-0.14953814
0.0192271
-0.8042156
-0.56094795
2.7131515
3.2139285
-0.73487586
-1.1448615
-0.76068914
-0.33859795
1.7904612
0.60785824
-0.736033
-1.268142
-1.1224307
3.7498648
6.801792
-0.7794705
0.21914628
-1.0364459
0.21104626
-0.8318981
-0.4913412
-0.4081157
-0.66161966
1.8222382
2.148286
-1.3605356
0.17437364
-0.26302743
-1.0326184
-1.0285238
3.5018797
-0.27913848
-0.6582372
-0.61435467
-0.62619317
0.26035845
-0.39663327
1.5081176
1.4854198
-0.084737994
-0.05153681
-0.22519767
-0.07975336
-0.21994601
1.2039663
0.07966571
-0.12043148
1.0015548
-0.26712197
0.25626394
0.3091366
-0.75784075
0.71155626
0.18621212
0.01913809
-0.2681011
1.034667
0.2281364
2.145972
1.2923545
-0.10556661
0.10378775
-0.16395797
0.1573725
0.3296982
-0.56059194
-0.6285075
-0.4033091
1.1310661
0.5686933
0.7166299
0.7863257
1.9789869
0.2399749
-0.4349971
1.2213235
0.40153024
0.034715053
0.5940615
-1.1178911
-0.12523809
-1.0587877
0.6975815
-0.50211155
-1.0285238
-0.426452
-0.7821408
-1.0603899
-1.0636833
-0.89741033
-1.013837
-1.06128
-0.6058096
-0.76433855
-0.8846817
-0.69517684
-0.59317
-0.32168582
-0.48804778
1.6101245
0.08705364
-0.6666933
-0.9623885
-1.0052029
-1.74364
-0.37357935
-0.21718667
-0.7214352
-0.90319604
-0.5484864
-1.0769459
-0.29658467
-0.7153824
-0.33361334
-0.5477743
-0.61079425
-0.7130681
-0.16912061
-1.2469573
-0.3920047
0.92010957
-0.4126553
-0.7017637
-0.73710114
-1.2475804
-1.3781599
-0.46018726
-0.83777285
-0.6238789
-0.021540033
-0.6346492
-1.553512
-0.62984264
-0.69749117
-0.24656036
-1.0641283
-0.2308944
-0.50745225
-0.19217452
-0.03097522
0.55765593
0.28252226
-0.66749436
2.2095258
0.4479051
-0.1514964
0.9925647
-0.25519446
1.360448
0.6023395
0.28661677
-0.112331465
0.21175835
0.272375
-0.015042215
0.7755554
-0.5045149
0.14847137
0.91850734
0.17054616
0.7048804
-0.50780827
-0.09426219
0.828339
-0.01468617
0.8332346
0.9369327
0.2932036
0.13467464
-0.06515553
0.34990373
0.38497415
0.7022991
-0.15763818
-0.12568314
-0.9711116
-0.21371523
0.085006386
0.65165174
-0.019047718
1.1769959
2.7997591
0.29133436
1.3784282
0.46205786
0.16823186
-0.31073746
0.65236384
-0.107079804
0.18612312
-0.6605515
2.1897655
0.69037163
-0.41007397
-0.055364292
0.6901936
-0.1522975
0.3321015
-0.09007867
-0.51715446
0.57528013
-0.28207585
1.9387538
2.4763815
0.59352744
-0.18193823
0.61462307
0.10610204
-0.49730495
0.11420206
3.1591866
0.79620594
1.6888103
0.7962949
0.2733541
-0.24834059
-0.19929542
0.6291319
0.8156994
1.4225779
0.8515709
-0.099958904
0.54902184
0.053407405
0.48733705
2.1072521
1.7723919
1.9366176
1.4439405
0.41817534
0.7859697
0.0
0.0
0.0
0.0
0.0
0.0
0.0
0.0
0.0
0.0
0.0
0.0
0.0
0.0
0.0
0.0
0.0
0.0
0.0
0.0
0.0
0.0
0.0
0.0
0.0
0.0
0.0
0.0
0.0
0.0
0.0
0.0
0.0
0.0
0.0
0.0
0.0
0.0
0.0
0.0
0.0
0.0
0.0
0.0
0.0
0.0
0.0
0.0
0.0
0.0
0.0
0.0
0.0
0.0
0.0
0.0
0.0
0.0
0.0
0.0
0.0
0.0
0.0
0.0
0.0
0.0
0.0
0.0
0.0
0.0
0.0
0.0
0.0
0.0
0.0
0.0
0.0
0.0
0.0
0.0
0.0
0.0
0.0
0.0
0.0
0.0
0.0
0.0
0.0
0.0
0.0
