0.50803566
0.59624517
0.05671758
0.5645405
0.82771057
-0.5121011
0.1365168
0.42621738
0.15037593
0.70502275
0.67636424
0.13770628
0.10896186
0.6181931
0.78698224
0.58099806
0.39235446
0.05307004
0.30954227
0.69501954
0.4612893
0.7954146
0.51576406
-0.37839872
0.71077335
0.5320483
0.3727637
0.51273483
0.6631527
0.62325305
0.7350509
-0.65400493
-0.20140988
0.42192438
0.48693874
0.63921994
-0.074299686
0.6979866
0.47479528
0.49647912
0.24108627
0.5105335
-0.47203377
-0.67697835
0.17650396
-0.03536146
0.77457696
0.7121008
0.14204217
0.1449261
-0.26719007
0.5385122
-0.46306926
0.1572247
0.20770441
0.54140383
-0.019534785
0.7010423
0.52122205
-0.49968356
0.2595401
0.4219761
0.2008257
0.68732136
0.4364654
-0.4272997
0.8274564
-0.0055847717
-0.0055847717
-0.0055847717
-0.0055847717
-0.0055847717
-0.0055847717
-0.0055847717
-0.0055847717
-0.0055847717
-0.0055847717
-0.0055847717
-0.0055847717
-0.0055847717
-0.0055847717
-0.0055847717
-0.0055847717
-0.0055847717
-0.0055847717
-0.0055847717
-0.0055847717
-0.0055847717
-0.0055847717
-0.0055847717
-0.0055847717
-0.0055847717
-0.0055847717
-0.0055847717
-0.0055847717
-0.0055847717
-0.392953
0.24164951
-0.20856713
0.3392105
0.41709343
0.2680965
0.43902957
0.036353506
0.53655416
0.08360426
-0.14191578
0.20224568
-0.49072137
0.3292084
0.057807922
0.32720333
0.37825975
0.55755126
0.37065825
0.6138614
0.24310344
0.41917807
0.34025922
-0.1559272
0.09895053
0.3080651
0.6363479
0.5457116
0.26942763
0.29190558
0.37040153
0.576357
-0.0923569
0.3928789
0.12799402
-0.07532593
0.25319853
0.33516422
0.57067084
0.52964514
0.3591924
0.5714938
0.5556202
0.2987282
0.44428697
0.40066594
0.5504179
0.5687949
0.34654284
-0.26009938
0.42988342
0.2598992
0.5258119
-0.17071524
0.32452118
0.44131175
0.54034096
0.5584965
0.51199263
0.5732879
0.4509829
0.10841463
0.03780578
0.55562276
0.26765916
0.60884166
0.10623772
0.48430493
-0.274536
0.64319247
0.2528347
0.6903787
0.53022623
0.5101056
-0.18726878
0.5196359
-0.11569333
0.46039635
0.64852685
0.66197973
0.40497643
0.50642794
0.5719063
0.5487666
0.2857323
0.5534709
0.11169788
0.6062607
0.092238925
0.5151515
-0.6811727
-0.20226844
0.27916536
0.055469308
0.24286677
0.1592486
-0.4535292
0.18637165
0.14178099
-0.021331752
0.31695998
-0.28586897
-0.43755642
0.14746352
0.1879733
0.18353947
-0.040693797
0.5265802
-0.50611067
0.18268521
-0.66048825
0.2540305
-0.31825125
-0.08353577
0.5029586
-0.12378854
-0.41523436
-0.3732586
-0.048988182
-0.054395415
0.113964915
0.22341323
-0.026766526
-0.23752849
-0.21541093
-0.092391364
-0.1797285
-0.79254895
-0.11882267
-0.09030053
-0.5997018
-0.30059955
-0.5550135
-0.61298835
0.39640945
0.27317074
0.2301378
-0.31397864
-0.5122647
0.013456978
0.1805241
0.3812315
0.1243874
0.17022881
0.20006783
-0.17076983
-0.4467442
0.26844966
-0.079012714
-0.022100339
-0.1501029
0.25955674
0.7211635
0.33485976
-0.52574307
-0.15555292
0.05071599
0.753876
-0.031730194
0.03628367
-0.31242603
0.5217082
0.44187674
0.48208803
-0.6001155
0.6096303
0.19813661
-0.2162461
0.58114034
0.25042772
0.4813431
0.07686604
-0.02188868
0.14744413
-0.21856216
0.26492536
0.06959498
0.571965
-0.07674803
0.7772338
0.69239765
-0.11731844
-0.10186885
-0.05461286
0.1661882
0.6487676
0.59561163
0.39328673
0.18416524
0.71655583
0.3293987
0.4490654
0.44301996
0.26959848
-0.11661711
0.28732455
0.6084418
-0.48324966
0.49882504
-0.0035732882
0.7306376
0.21308225
-0.18502691
-0.09616952
-0.104166664
-0.48370928
0.5834633
-0.30468214
0.4595871
0.7753595
0.24651133
0.68536806
-0.21123852
-0.224985
0.14526026
-0.07675306
-0.1249482
-0.07127845
-0.06158285
0.08338595
0.051780026
-0.3115711
0.22835897
-0.9149815
-0.23603982
0.6595196
0.48173812
0.5059559
0.20619635
-0.35809216
0.5798062
0.28600574
0.40978974
0.4590614
0.26682228
0.45639887
0.28396
0.64185
0.015552783
0.2148415
0.2118518
0.40652213
-0.38098088
0.6445041
0.40426528
0.5124378
0.28849757
0.41855112
0.14645436
0.2995256
0.32893494
-0.070750415
0.79538906
0.25227886
0.38071215
0.05263158
0.68882173
0.23887284
0.21026638
-0.2618778
0.4598122
0.592233
0.15797015
0.1772245
0.26965603
0.2762659
-0.3024443
0.07190087
0.51857114
0.50342935
0.40534034
-0.25632873
-0.25848648
-0.1567319
0.22395782
0.011479157
0.14589757
0.37596327
0.34628996
0.025069313
0.559456
0.119139306
0.017005157
0.3993338
0.5662426
0.52623457
0.6366243
0.13503951
0.41460788
0.5785109
0.58479476
0.5859082
0.45815492
0.6936664
0.0877193
-0.017501278
0.7992369
0.52465236
0.5691516
0.28052127
0.67715925
-0.20701396
0.5452089
0.79967636
0.1900372
0.4477725
0.2432154
-0.025919098
0.44716147
-0.17389138
0.3501456
0.4446254
0.41412568
0.62784344
0.49215984
-0.14953189
0.11426438
0.60044616
0.5236358
-0.39860207
-0.1037213
-0.73211026
0.4312993
-0.021838484
0.4013904
0.48172557
0.3907595
0.40880716
0.43904543
0.43813106
0.23108219
0.6789754
0.74496645
0.1883714
-0.668383
0.46448883
0.021310182
-0.38853845
-0.11058916
0.08204367
0.7314974
0.5729002
0.35519546
0.37318048
0.360498
0.667302
0.2020793
0.44971663
0.49742568
0.70037365
-0.43723217
0.6851852
0.79898036
0.2933173
0.65378535
0.33605832
0.26422483
-0.059706092
0.68302804
0.5237492
-0.52432126
0.73328507
0.49016425
0.47648966
0.63870656
-0.04459772
0.22298524
0.50569284
0.6591542
0.4763439
0.6398161
-0.109525196
0.26133335
0.37838578
0.35420743
0.3914094
0.42273217
0.2959557
0.541392
-0.21755238
0.36923078
0.31842172
0.1863482
0.6253276
0.189793
0.2048443
-0.27444053
0.5828886
0.22590938
0.15705413
0.5043825
0.10046368
0.42377532
0.51806545
0.42323968
0.7036
-0.19098386
-0.024017926
0.42077407
0.43295613
0.4252514
0.030701755
0.70986205
0.74930596
0.70888156
0.5871368
0.3762712
0.40719146
0.11003861
0.62664944
-0.114056505
-0.33173838
-0.26570126
0.57180995
0.1793042
0.3278549
0.2517312
0.6143743
-0.20493828
-0.022695692
-0.25179857
-0.21923937
0.5042836
0.2284778
0.30196702
-0.09543368
0.22256711
0.38084632
0.4775419
0.6336017
0.35532233
0.23954041
0.2550195
0.015984016
0.66776735
0.35477275
0.63604164
0.5794473
0.42464834
-0.13975695
-0.005885886
0.59964657
0.14441417
0.37493953
0.7072573
0.46159855
0.421981
0.16428733
0.10390533
0.5060669
-0.40433642
-0.320904
-0.0055847717
-0.3696213
-0.4269457
0.106667295
0.57889396
0.24845578
0.79251426
0.5980417
0.5771817
-0.31529316
0.5495652
0.33072916
0.49872294
0.6048285
0.7020484
0.5769231
0.47403765
0.78711706
0.7033644
0.6437247
0.6040495
0.61252266
0.52450854
0.8203453
0.72543234
0.6590373
0.60196877
0.686788
0.79260516
0.5526205
0.46423337
-0.05459995
0.60844016
0.6331522
0.53367877
0.7631631
0.61446977
0.37811553
0.78542274
0.6755421
0.6567911
0.4088795
0.40867335
0.0009263548
0.50951374
0.20605935
0.61763984
0.4972501
0.08484409
0.40546763
0.15598924
0.5779653
0.21304177
0.39869812
0.29002184
0.3308504
-0.19847098
0.4509101
0.50006676
0.66329074
0.5176636
0.28120375
-0.5528097
0.5147258
0.60673296
-0.032919616
0.45350337
0.49064258
-0.1502996
0.52023745
0.73075724
0.6318629
0.60466385
0.5207342
0.47103077
0.1619178
0.49499616
0.549897
0.25170258
0.6004994
0.5322516
0.59497344
0.30326876
0.22489801
0.591623
-0.032432914
0.6226261
0.45204797
0.48645532
0.15721722
0.6071985
-0.09534043
0.14033054
0.015985193
0.034907997
-0.2152431
0.15351513
0.5562446
0.21977866
0.43599492
0.42431113
0.12521754
0.08622006
0.015931726
0.1904963
0.36968058
0.16545498
0.4680664
0.3582734
0.33718434
0.5139866
0.4011262
0.22121868
0.39104542
0.4234264
0.31753072
0.5021083
0.28248915
-0.029380629
0.47388908
0.36216086
0.60564166
0.6354776
0.31916666
0.2130809
0.48989785
0.56828433
-0.08930049
-0.058957055
0.52754885
0.10040418
0.4028357
0.5764139
0.5654081
0.40752476
0.18034393
0.30499426
0.41510588
0.30592453
0.5579556
0.17710344
0.5875642
0.73835975
0.59948945
0.06745191
-0.059806637
0.4315292
0.012458106
0.44454187
0.5496625
0.2055703
0.3542227
0.4998546
0.4586237
0.317513
0.33147484
0.5367467
0.44139725
0.2299244
0.5743031
0.50321615
0.38976014
0.6520058
0.575262
0.6001508
0.507221
0.14455183
0.42529595
0.33841252
0.50456494
0.21172878
0.58638084
0.629985
0.5081556
0.49726334
0.41517597
0.55634654
0.20818196
0.4756561
0.4624346
0.36281213
0.4611704
0.3571224
0.5373144
0.5397605
0.4762017
0.5019773
0.32752857
0.5533724
0.4482429
0.49195233
0.5823296
0.54310817
-0.21475
0.06787842
0.5384784
0.27036944
-0.24044047
0.43830484
0.61494756
0.56581116
-0.24960701
0.5334767
0.5935775
0.48767573
0.5150913
0.510699
0.47808358
0.5193281
0.54282993
0.19611447
0.54451275
0.07180623
0.40964058
0.48774368
0.5203316
0.50888467
0.59745866
0.5525891
-0.0021867147
0.3937586
0.49932215
0.39340612
0.4378952
0.46048456
0.48781967
0.4667431
0.060499325
0.5576923
0.54746836
0.17646031
0.36862865
0.15859008
0.52979666
0.5507363
0.35603672
0.51374286
0.31646818
0.58916086
0.45328498
0.54139525
0.3709182
0.4228805
0.2565962
0.37953457
0.32856253
0.2755466
-0.07786085
0.14959538
0.14743385
0.1624076
0.26387814
0.38906935
0.42575073
0.3344744
0.41919115
0.19168644
0.08136115
0.42837653
0.24571048
0.29815304
0.4465254
0.24259801
0.054857463
0.3978462
0.10374821
0.47200432
0.31312555
0.31605738
0.073681824
0.3769655
0.013215478
0.39423722
0.20795074
0.1581876
0.3581736
0.42916667
0.25094298
0.41945624
0.35374787
0.24214934
0.4303205
0.30693316
0.3947256
0.33102414
0.21866977
0.48037383
0.54046994
0.25692847
0.20542556
0.19519928
0.0048387097
-0.408106
0.20416974
0.455914
0.3806025
0.17162533
-0.096546166
0.30129704
0.39839378
0.6995905
0.3336666
0.47932068
0.33341458
0.08968235
0.4165498
0.25716546
0.42922688
0.42895877
0.44676366
0.070935905
0.6271812
0.64155847
0.46045536
0.37639695
0.540879
0.47345376
-0.12318623
0.22874667
0.072111204
0.41469103
0.4884096
-0.015355546
0.44932377
0.7314956
-0.13517061
0.2173487
0.4725812
0.2942474
0.4992575
0.21809664
0.17507158
0.2208152
0.4842181
0.22983722
0.2831809
0.008893094
0.20931032
0.23197176
0.33450705
0.43776393
0.5640774
0.34290054
0.7327627
0.6197727
0.5352313
0.5419024
0.4864266
0.5097886
0.7360179
0.5087763
0.7235294
0.74650913
0.6195652
0.58666664
0.61229444
0.7472119
0.39993015
0.24743646
0.7453505
0.5774008
0.633281
-0.35545194
0.66478646
0.7350993
0.51384336
0.57924837
0.34373978
0.421577
0.42581692
0.23141362
0.7664577
0.6911519
0.60861593
0.730608
0.7260726
0.6319392
0.7164179
0.66809237
0.25886446
0.6319613
0.74406606
0.44615957
0.3461488
0.7398844
0.029139495
0.6477987
0.61689776
0.77018636
0.40155372
0.7360406
0.26676625
0.6903039
0.64812106
0.7659073
0.17557816
0.4507334
0.53888345
0.50812066
0.7418546
0.42718306
0.65065175
0.536061
0.506734
0.7399103
0.7012552
0.49552032
0.76744187
0.73429257
0.46298307
0.72302157
0.6841713
0.53505534
0.76282054
0.54552996
0.5719454
0.76625276
0.38723013
0.68683875
0.5975904
0.049441446
0.7596831
0.6766382
0.6971314
0.37442806
0.7751938
0.20592734
0.33968115
0.03029773
0.80792683
0.7146454
0.69430053
0.6610738
0.6292135
0.7582912
0.54092085
0.7168839
0.72507125
0.506228
0.88095236
0.699284
0.6924779
0.66636336
0.5948987
-0.3081621
0.66758794
0.6547665
0.5156307
0.58964044
0.51852685
0.3873509
0.63728386
0.4445923
0.33229664
0.38598818
0.30508888
0.5872365
0.44392186
0.53576505
0.5209633
0.6476279
0.563031
0.37165916
0.2617105
0.65795726
0.40119112
0.5384771
0.7545207
0.32494366
0.38946548
0.7725692
0.74885213
0.68415666
0.6899696
0.34232643
0.61712945
0.459854
0.58532935
-0.10173211
0.5558484
0.4983758
0.04889954
0.3336203
0.53070176
0.60500205
0.5837873
0.5859566
0.61505204
0.68024594
0.47157788
0.3829365
0.31837514
0.73869157
0.45593357
0.5092199
0.2889855
0.46012995
0.5735992
0.5599122
0.8205176
-0.14067104
0.4315848
0.73098034
0.27906388
0.5555159
0.69757855
0.57939774
0.713715
0.64340556
0.6578035
0.81879956
0.6509338
0.6950272
0.59469736
0.6019744
0.4768822
0.4548774
0.38919353
0.7660324
0.5477226
0.33039972
0.53082466
0.31316498
0.5408278
0.812209
0.43014175
0.48211536
0.48339483
0.52738035
0.56301767
0.753638
0.42654803
0.5658179
0.48330045
0.35219494
0.42638484
0.5849132
0.33188015
0.5581444
0.70404625
0.5963939
0.585001
0.6438356
0.46833855
0.6895381
0.5474006
0.71949726
0.221868
0.7252388
0.32238084
0.35538208
0.40617642
0.57858944
0.5303964
0.55221313
0.51281655
0.51835614
0.55868703
0.25651306
0.47726855
0.63312393
0.56004965
0.69100827
0.41102856
0.21643619
0.57920665
0.5305918
0.37379766
0.2614373
0.37857363
0.6728863
0.09106754
0.47439122
-0.04365145
0.34655485
0.65813446
0.81950265
0.4492814
0.13773406
0.25177222
0.21950114
-0.09657238
-0.26889887
0.13606691
0.42217645
0.4443459
0.724933
0.3229328
-0.06417796
0.4146141
0.15389572
0.5553952
0.3514274
0.58282363
0.8121118
0.20483682
0.7506592
-0.17490901
0.11555289
0.113111496
-0.69301707
0.26147705
0.34673563
0.17527916
0.33548576
0.10464311
0.33135656
0.64446765
0.3472908
0.32020018
-0.14632478
-0.081017345
-0.2515944
0.12145811
0.3423502
0.28134626
0.532732
0.3358923
-0.05938621
0.49891928
0.495264
0.6134734
0.6696827
0.37616488
0.29662302
0.12544687
0.6947705
0.20276743
0.4740717
0.10190759
0.18422979
-0.2816251
0.06033152
-0.081405886
0.04024636
-0.15249212
-0.025741186
0.14239414
0.11781065
0.27114457
-0.06880849
0.24516396
-0.0030739673
0.17401753
-0.05121639
0.500562
-0.006787144
-0.18233338
0.19374108
0.41205084
0.39144254
0.37106636
-0.3118503
0.16452725
0.042274576
0.6379712
0.25797874
-0.3536508
0.047857795
-0.57741135
-0.8291715
0.37807626
0.26017573
0.18407494
0.12431108
0.33857155
0.12123577
0.28862432
-0.7741942
-0.14178236
-0.44317937
-0.09829858
-0.54236037
-0.23808211
-0.40471524
-0.17016277
-0.42372262
-0.40375572
-0.37309477
-0.2954715
-0.076869845
-0.6563687
-0.11287627
0.41614696
0.21704331
0.3068955
0.3016396
0.31129518
0.35522905
0.30235365
0.35639086
0.13380563
0.14833628
0.13427842
0.39866793
0.13182251
0.32406676
0.2561002
0.33723617
0.25810456
0.33369914
0.13495082
0.34715346
0.2668301
0.37247062
0.058954395
0.20718671
-0.09934837
0.363316
0.15754609
0.13328923
0.2710545
0.49198115
0.16953012
0.39781693
-0.29383856
0.3323027
0.3152585
0.29424194
0.03933957
0.21342319
-0.13633402
0.46325955
0.032778874
0.21401939
0.23930953
0.4045498
0.033183474
0.22414193
0.31273553
0.44111612
0.28412017
0.1206281
0.16277115
-0.045490094
0.23386043
0.2775849
0.3089915
0.2079834
0.5497051
0.23384774
0.36451313
0.46237457
-0.009338586
0.4190592
-0.08519023
0.29059905
0.3852085
0.2755857
0.46120903
0.4628248
0.39840975
0.32311383
0.30293348
0.31010622
0.011951393
0.33298016
0.32821772
0.46798405
0.30242038
0.21035904
0.39849082
0.14870939
-0.43557972
-0.38735467
0.38542533
0.27537572
0.10567401
0.3525609
0.10759591
0.3906655
0.27136075
0.04116963
0.39651993
-0.018050542
0.14929299
0.3370839
0.31104144
0.33051947
0.021679297
0.45341614
-0.2464146
0.37352997
0.3398058
-0.050634902
0.35569632
0.3832516
0.36788023
0.2365178
0.18634251
0.19564015
0.30281022
-0.38244042
0.15070178
0.35856462
0.41361257
0.17802599
0.41501665
0.38414714
0.2752481
0.2421731
0.21497872
0.27621695
-0.024130471
0.4715719
0.33024266
0.38351256
0.30962908
0.4188992
0.031754296
0.44732687
0.4419602
0.43479416
0.38434726
0.56080186
0.08494161
0.39330053
0.033696853
0.3194721
0.14681067
-0.008313176
0.38311645
0.3016596
0.28274998
0.49518478
0.3116646
0.28598067
-0.4285345
0.3575253
0.46269932
0.3957471
0.033215027
0.38485664
0.49199396
-0.12830079
0.16721694
0.40024352
0.45319715
0.3011627
0.28439525
0.1391375
0.27644905
0.5060348
0.2492564
0.28770152
0.4835148
0.35536626
-0.020203019
0.20820603
0.40900066
0.03218665
0.3606037
0.37871993
-0.14909513
0.6298186
0.22869441
0.20196216
0.13331647
-0.32848907
0.39654067
0.39210624
0.061471194
0.39510223
-0.7180797
0.33124018
-0.15858
-0.44888687
-0.053230327
0.24810126
0.35880864
0.14678274
0.2921078
0.7903777
0.6368471
0.1504939
0.6103286
0.3151402
-0.4452644
-0.6697748
-0.48322147
-0.13997114
0.76805484
0.4090447
-0.0398857
-0.74438053
-0.20271581
0.44307074
-0.22779587
0.15414013
0.5713982
0.2339559
0.30241483
0.14316495
0.38493457
-0.41551834
0.40591684
0.06400746
0.16488115
0.36604846
-0.09807174
0.29643407
0.13604283
0.48098433
0.39867893
-0.57140267
-0.011596444
0.0048394795
0.6835601
0.5443511
0.007280291
0.63285774
0.5744287
-0.39533475
0.5412709
0.1789344
-0.35149294
0.31267756
0.57244146
0.54911435
-0.406518
-0.15088809
0.32004648
0.5977753
0.75576663
-0.50834066
0.64618146
0.15370148
0.05028431
-0.36877954
0.26074073
0.59555554
-0.36819172
0.12667592
0.13333334
-0.06670753
0.26529324
0.5304248
0.58384615
0.46229577
0.6166089
0.72362244
0.5754234
0.561715
0.74511933
-0.06379341
0.2792198
0.6360367
0.58849555
0.44700664
0.5607411
0.5216765
0.64733726
0.68394345
0.38036886
0.66495275
0.5370177
0.56877756
0.5449403
0.118486
0.46583593
0.38581523
0.48855063
0.6179305
0.6665794
0.64526933
0.5820212
0.6223648
0.70259994
0.6958269
0.54554206
0.48328063
0.5774099
0.5840495
0.29207677
0.63224894
0.6756146
0.50021213
0.55389684
0.69542253
0.43854257
0.65648854
0.54554313
-0.17574865
0.5368564
0.37233758
0.396311
0.5770089
0.66924626
0.461262
0.63734204
0.56361085
0.5301622
0.53447306
0.5882161
0.6647326
0.58479214
0.60642254
0.6351941
0.51768595
0.74618095
0.68282735
0.42348754
0.6240693
0.5747757
0.57344526
0.5852199
0.4632792
0.60930526
0.43219578
0.6183543
0.7083151
0.66811824
0.34145516
0.63925475
0.49491644
0.45463917
0.4898305
0.13807246
0.5973976
0.54363465
0.6923077
0.5543372
0.53465146
0.39397508
0.6329028
0.6897196
0.2785157
0.5780933
0.36776602
0.4729519
-0.17040423
0.36398906
0.6191501
0.6137566
0.57304984
0.58524853
0.61277956
0.7107336
0.6400374
0.5634855
0.6136595
0.6740545
0.5855199
0.47883385
0.57071215
0.66129607
0.60342455
0.6111665
0.7036472
-0.66689116
0.48829737
-0.058551617
0.029435813
0.608981
0.3430578
0.8125837
0.23219518
0.393763
0.5126819
0.62723213
0.6150833
-0.075119875
0.7846154
0.5595655
0.38894534
-0.010986685
0.9010189
-0.31621736
0.67431194
0.43288997
0.18909593
0.3496872
0.577798
0.22622573
0.07530004
0.54444444
0.53424656
0.6956522
0.4725028
0.5843308
0.43930322
-0.17240985
0.7111693
0.16096747
0.8039216
0.6896552
0.41577488
0.74776566
0.57209665
0.6946565
0.40822497
0.7061924
0.06757595
0.39056605
0.5579485
0.44424987
-0.15496385
0.6012351
0.5975733
0.4565144
0.5786695
0.71149147
0.5054424
0.5917902
0.78640777
0.2936513
0.47551495
0.7540349
0.8735178
0.90348524
0.8019802
0.6948028
0.5767266
0.76853526
0.8003914
0.50926024
0.43552312
0.6327834
0.41581568
0.72131544
0.80915177
0.78435373
0.67439705
0.6693633
0.4339498
0.6259522
0.7581413
0.16214657
0.5305024
0.47435102
0.7416577
0.57181364
0.37252414
-0.014737796
0.8048246
0.5498155
0.6865204
0.74585634
0.7260027
0.36737558
0.7005871
0.7425532
0.6551724
0.89664084
0.6253345
0.39430994
0.6233822
0.71203154
0.88023955
0.7700146
0.78236395
0.79746836
0.6152758
0.48353013
0.4129979
0.64157706
0.70236516
0.84305835
0.70595855
0.63295686
-0.0006364215
0.6129119
0.8518519
0.7412399
0.896679
0.59593356
0.658037
0.72753626
0.63565385
0.45993647
0.66164315
0.4110949
0.5532426
0.7650514
0.7406314
0.7775189
0.6123479
0.6617284
0.73690724
0.5416427
0.8150594
0.27215895
0.234199
0.49794897
0.5190414
0.4869067
0.7691687
0.5435517
0.77319586
0.6779923
0.60531616
0.8395722
0.053014554
0.6801139
0.47775552
0.52726233
0.6236162
0.71753985
0.59740925
0.55967325
-0.11308991
0.34622374
0.5986306
0.67005074
0.81430364
0.53072625
0.638727
0.70858896
0.44508147
0.29845816
0.44664675
0.53082377
0.36486486
-0.013066334
0.5877551
0.15460743
0.176596
0.059662588
-0.13323061
0.09600937
-0.19988215
0.0026352643
-0.031215005
0.06132914
-0.09101145
0.027896792
-0.06438439
-0.12358277
-0.1533901
-0.3343799
0.20508717
-0.05524991
-0.57651913
0.0044559804
-0.533577
0.14500757
-0.37496424
-0.20413484
0.09789792
0.04561471
0.35030246
-0.22336173
0.16023125
-0.12930448
0.3165482
-0.36540934
0.2673767
-0.20389766
0.5465673
0.39888036
-0.078550726
0.0962236
0.4628483
0.5253399
-0.1987292
0.44760644
-0.08495251
-0.23889247
0.33190578
0.07473309
0.52085525
0.4331954
-0.24099407
0.04240971
-0.45798948
-0.39681092
0.32171565
0.36972705
-0.45368606
0.45574388
-0.031174157
0.36980715
-0.51795626
-0.5573776
0.30404523
-0.11641384
-0.591732
0.35224155
0.5848564
0.09860329
-0.25670156
0.44726598
-0.80486757
0.039091814
0.3633741
0.14058319
0.2598985
0.21105064
0.29946366
-0.009952304
-0.014181383
0.07164057
0.30807152
0.01120509
-0.049874004
0.03669398
0.07906451
0.374596
0.39420897
0.28890377
0.40950137
0.36487606
0.2375605
-0.6331938
0.41954023
0.29414934
0.17104799
-0.14918101
0.27920192
-0.05464435
-0.7948003
0.19893803
0.22389227
-0.13597731
0.09220208
0.067265436
0.45603117
0.24722785
0.13904214
0.18491222
-0.5471771
0.030562188
0.17190957
-0.05228769
0.11450059
0.04652068
-0.061956037
0.3678661
0.30453402
0.12981336
0.38219577
0.08499131
0.14225468
0.29287925
-0.45190614
-0.09658499
0.113762185
0.21572734
0.27852416
-0.33766025
0.53649235
0.23348017
0.13283855
0.57328176
0.48909414
-0.12713103
0.45810273
0.57700104
0.24934202
-0.25351658
0.09593098
0.29475114
-0.15043446
0.40388864
0.20590901
0.5184803
0.4717296
0.45573625
0.11729892
0.39084384
-0.10380614
0.5844675
0.14651698
0.52949363
0.31180412
0.22384323
0.22370495
-0.16455299
0.5181187
0.2289511
0.5063107
0.49561024
0.19437756
-0.6198197
-0.32550982
-0.105780095
0.12045587
0.32974938
0.091918804
0.6214872
0.02556311
0.09939455
-0.20572919
-0.27191412
0.2475646
0.28812632
0.28752333
-0.3817598
-0.11177968
0.14298521
0.37813115
0.12403011
0.3153037
0.18065034
0.13518018
0.06380945
0.48889294
0.5151863
0.42628586
0.26669174
0.00513347
-0.30892757
0.59411013
0.2649848
0.3042804
0.0025559936
0.042389687
-0.2644534
0.35863024
-0.52572346
0.27029464
-0.022555482
0.31174487
0.28784582
0.17704363
-0.07584233
0.28919926
0.5798168
0.10325058
0.049572032
0.30616978
0.37632313
0.48869446
0.16932705
-0.07908976
0.5132657
0.57032514
0.51908964
0.23872541
0.2311774
0.15720263
0.32112524
-0.24979457
-0.21291569
-0.33761284
-0.15371901
-0.015723957
0.119476266
0.56330895
-0.057313804
0.6296078
0.33368245
0.6142857
0.32800338
0.048049744
0.78909093
0.5435323
0.7284689
0.76328987
0.49889308
0.118923254
0.48034933
0.5006797
0.5593835
0.66239923
0.3811189
0.77212507
0.56285536
0.7780269
0.2024454
0.7089494
0.47947598
0.72
0.7214008
0.49367088
0.7711951
0.6154158
0.64909637
0.6805141
0.56299776
0.71553916
0.57252014
0.3561935
0.31326073
0.7484144
0.52790296
0.53755367
0.3624232
0.18239608
0.6604414
0.39498755
-0.26821893
0.22178552
0.74525744
-0.49506903
0.7915633
0.69554216
0.19599108
0.4594124
0.4123314
0.29240435
0.43901852
0.52510965
0.62115735
0.7070183
0.5729186
0.39938602
0.50420535
0.1993359
-0.17961165
0.65156
0.41104797
0.5390511
0.2962685
0.48749077
0.46577787
0.20438072
0.43304077
0.5470159
0.43388915
0.45300582
0.49187425
-0.36192867
0.6351637
0.36968973
0.16878754
0.103134915
0.28245658
0.48787734
-0.27188337
0.38340205
0.57728136
0.26554278
0.2579539
0.445178
-0.09962682
0.432522
0.4969766
0.5023938
0.42460626
0.5820206
0.3809087
0.65854603
0.3846154
0.50752354
0.37096614
0.39981902
0.16317339
0.4540237
0.30362192
0.5490732
0.0029776522
-0.18329154
0.41655716
-0.031010313
0.36259305
0.26031408
0.5220474
0.6751887
0.47776896
0.48755446
0.013022854
0.43212745
0.5190825
0.3668656
0.57426447
0.20721072
0.50919664
0.4203559
0.44534573
0.38030958
0.10668503
0.56109446
0.67300034
0.3922697
0.2858173
0.24485996
0.38138053
0.3359332
0.62828046
0.18268417
-0.08515659
0.06670211
0.37394738
0.40074012
0.58953446
0.48080295
0.3937403
0.43471992
0.36619717
0.46389046
0.09100285
0.49460834
0.5514934
0.798789
0.67304134
0.83726305
0.73554176
0.60445064
0.5781604
0.45607919
0.54813594
0.54914665
0.293714
0.5958982
0.8643411
0.23384587
0.6430743
0.25215742
0.6577885
0.54811865
0.57374054
0.57620966
0.5621772
0.7968893
0.82436264
0.5692775
0.63308567
0.6336498
0.7284768
0.6421053
0.52238804
0.8178025
0.614763
0.5579577
0.6041387
0.6784141
0.5951333
0.5303735
0.7360971
0.5439119
0.5903367
0.6088241
0.6345675
0.5250952
0.5978112
0.63936675
0.655397
0.4432638
0.80923074
0.5865584
0.542777
0.58699375
0.3069832
0.60894096
0.63475263
0.4949116
0.11321972
0.34175122
0.38375938
0.49387914
0.5572065
0.30905658
0.54950136
0.48295736
0.49603456
0.65442365
0.8220389
0.59291536
0.46164864
0.5611155
0.6424348
0.68738574
0.4948097
0.24313614
0.5477458
0.51603776
0.7350755
0.69936526
0.75805557
0.5514419
-0.37145752
-0.065731555
-0.06619541
0.13120474
0.26178086
0.52800804
0.2545136
0.04106617
0.4212445
0.48182884
0.62643534
0.6196319
-0.3272803
0.0986516
0.29711995
0.3356111
0.48036698
0.65389913
-0.20561437
-0.1080582
0.30369574
0.5268334
0.05364605
0.4575905
-0.6233375
0.07606973
0.5646552
0.0644129
0.3840188
0.4446073
0.44059154
0.10497344
-0.28970012
0.5842391
0.095915005
0.3788554
-0.17006955
0.5360542
0.20779493
0.6867522
0.10652966
0.47957948
0.48282412
-0.006029102
0.391671
0.38951772
0.52240324
0.35456553
-0.02031987
-0.09620362
0.4933635
0.512797
0.36307433
0.34319595
0.40135378
0.19436738
-0.029357843
-0.22707161
0.4547635
0.020966532
0.3171946
0.4570685
0.4819666
0.72522795
0.42863032
0.52407724
0.3696823
0.61747354
0.6395858
-0.0350168
0.20720388
0.29014674
0.3696174
-0.046155307
0.2020285
0.4658788
0.4917452
0.26021188
0.5954125
-0.00352002
-0.21914895
0.2982154
0.039673753
0.45336586
0.5425579
-0.6834104
0.26849142
0.65549225
0.44860783
0.49162474
0.5755603
0.50813276
0.4482571
0.5604104
0.26679808
0.44293618
0.42728353
0.2624308
0.40942448
0.32353795
0.40190828
0.3061571
-0.23982595
0.0073821694
-0.2046209
-0.22109538
-0.10624742
0.2898412
0.28785694
-0.55099714
0.45456195
-0.27765906
0.05310783
0.14963414
0.18377836
0.02937177
-0.08409372
0.4270255
0.049805112
0.14675768
-0.026140716
0.08784957
0.038385518
-0.017002353
0.1853008
0.20744728
-0.26569343
0.05109749
0.13412718
0.26268643
0.2270844
-0.1943095
0.3906097
-0.12160703
0.25834924
0.26476577
0.30938902
-0.2991582
0.38886523
0.033528265
-0.22126684
-0.1640648
0.2341737
0.50247854
-0.37595305
0.5550912
-0.34530947
0.32589394
0.31221065
-0.12374582
0.19779381
-0.34337023
0.2327518
0.4824962
0.39940318
0.23562153
0.498754
0.16074654
0.27620313
0.4653558
-0.26766595
0.6576087
0.7404203
0.43623757
0.482108
-0.105787575
0.41963795
0.047195014
0.4920635
0.37300318
0.2510573
0.411157
-0.101863354
0.72422683
0.5808053
0.50720286
0.6158192
0.42106834
0.6072326
0.8479763
0.57405984
0.6127536
0.55856323
0.89617485
0.3574708
0.568713
0.6257485
0.38181818
0.42105263
0.73410404
0.40998742
0.27141058
0.37661374
0.31486744
0.45170876
0.4844849
0.6457565
0.16685084
0.5830833
0.25625
0.43059778
0.15736446
0.24792494
0.358494
0.7527942
0.66510904
0.16381419
0.545283
-0.824408
0.33717996
0.55450237
0.6642157
-0.5110442
0.6349269
0.50692666
0.40731868
0.6115597
0.26275823
0.022222223
0.36124206
0.5439046
0.52367103
0.6032765
0.5114211
0.6160843
0.6286753
0.5611847
0.5378954
0.6606388
0.48892698
0.618524
0.64856046
0.50333685
0.66358
0.5048564
0.5067248
0.59378415
-0.27533308
0.6003576
0.5346211
0.47376052
0.5665897
0.37972608
0.6915311
0.4499937
0.4478302
0.46410516
0.70303655
0.6297859
0.5683391
0.5907402
0.17473735
0.70240295
0.08122386
0.6632759
0.6517675
-0.1033661
0.6376841
0.5119579
0.5143846
0.4318555
0.42944163
0.4818724
0.6175342
0.69067
0.25425157
0.4033092
0.14379391
0.62979
0.6017006
0.6054159
0.5630999
0.6141914
0.6186248
0.7078161
0.16004243
0.46160433
0.48288697
0.4068684
0.59170043
0.6151103
0.19690405
0.64835167
0.67510027
0.59414226
0.5141285
0.56801736
0.5804305
0.6056072
0.4698002
0.6333082
0.5329532
0.49022168
0.27510762
0.73230153
0.616773
0.6394006
-0.28512257
0.52934617
0.5194652
0.58564544
0.4681063
0.49020818
0.38001314
0.63615364
0.66523033
0.5430267
0.45906657
0.44881523
0.7506521
0.5293518
0.6121697
0.3748588
0.46492732
0.59353626
0.64881325
0.48376936
0.51747155
0.81143814
0.85915494
0.2994786
0.6120776
0.54367816
0.650784
0.21433623
0.73799723
0.15880772
0.15854476
-0.14128849
0.5439883
0.8282548
0.6640358
0.47658843
0.25558206
0.25316435
0.05175038
0.74581003
-0.5192157
0.76215976
0.56192154
0.5881393
0.16575722
0.37300178
0.7906377
-0.33675113
0.43510425
0.82623863
0.60636806
0.4574523
0.6375409
0.57633543
0.7537713
0.78175896
0.56271577
0.80071175
0.7828283
0.17799032
0.7429078
0.52361447
0.52111155
0.6902516
0.713456
0.6977898
0.41432625
0.70526314
0.5557206
0.44970414
0.43203884
-0.23705722
0.7
-0.27331382
0.51887065
0.42138672
0.64221823
0.21196382
0.6519262
0.71007925
-0.38099778
0.73144877
-0.35789216
0.7712264
0.4190506
0.42090124
0.46898565
-0.45453727
0.6768932
0.34296876
0.6358178
0.6051972
0.5167866
0.5440252
0.54435486
-0.06858916
0.68691146
0.60810083
-0.064185336
0.7349023
0.23568687
0.6903939
0.6408766
0.8841567
0.45808968
0.4901578
0.8056714
0.5488035
0.4234051
0.52608275
0.3318614
0.5045632
0.68909955
0.72899574
0.8200947
0.65796703
0.75164217
-0.12906106
0.44818512
0.818852
0.63424575
0.009170195
0.7794028
0.6133867
-0.41907534
0.5979381
0.64340425
0.6845632
0.6203451
0.5165587
0.5791979
0.21644498
0.58225876
0.78360575
0.76
0.80894434
0.65029013
0.6075988
0.2437276
0.004974657
-0.58353513
-0.105545916
0.6033679
0.67478263
0.44235924
0.48419678
0.6234453
-0.08196721
0.7183771
0.58204544
0.7834997
0.9350649
0.34386218
-0.038448825
0.6271698
0.60507584
0.5958005
0.62318474
-0.12781955
0.72499704
0.5690955
0.7509589
0.5907538
0.5335557
0.79134464
0.64717114
0.63889986
0.86885244
0.40215138
0.5864546
0.6827495
0.28156087
0.8380567
0.5834515
0.43937925
0.6905177
0.6485814
0.41637692
-0.5737531
0.44549707
0.63309354
0.5737593
0.51276547
0.7790963
0.66901076
0.7895613
0.5330625
0.5676529
0.41454396
0.86906713
0.36754277
0.49968714
0.50342727
0.550655
0.01605114
0.81116474
0.83189654
0.6324234
0.6573272
0.64299613
0.695811
0.3852845
0.22720478
0.57739544
0.4380324
-0.38199052
0.7271926
0.67748797
0.6187215
0.68126523
0.54731864
-0.0786736
0.27793297
0.9264706
0.35847408
0.49338663
0.75521255
0.5771091
0.7333912
0.4856819
0.5965887
0.24864371
0.74719584
0.5933852
0.71456385
0.8609048
0.6064068
0.7873754
0.45199916
0.71169245
-0.61304957
0.79414374
0.77382874
0.6086956
0.5489914
0.5668073
0.09102644
0.5350656
0.3442623
0.50668997
0.78973716
0.43240523
0.50034255
-0.41485372
0.6082159
0.6830699
0.69465846
0.5437751
0.1110344
-0.08328115
0.7369512
0.41234717
0.35822392
0.2938718
0.530262
0.5279581
-0.53130716
0.41085702
0.8298992
0.5186051
0.59375787
-0.37825298
0.105039805
0.48991
0.53922105
0.7164582
0.7133024
0.61673415
0.76595175
-0.33333334
-0.5837594
0.74881065
0.701104
0.39001122
0.5026754
0.6228288
0.34242386
0.83347213
0.79952395
0.63504404
0.0010405828
0.6143675
0.72707355
0.5051892
0.79925126
0.69313306
0.89084506
0.76629215
-0.16199324
0.28917912
0.7250067
0.80924344
-0.17753145
0.41421068
0.8158949
0.5744965
0.33546934
0.59996176
0.5593496
0.26816636
-0.3584837
-0.23370409
-0.07613959
-0.49703825
0.19287129
-0.03308844
-0.16950573
-0.33956155
-0.20169343
-0.0022245864
-0.044367816
-0.3987287
-0.44833854
-0.34189996
0.12043867
-0.26775685
0.3847684
0.37262914
0.31834027
0.4770583
-0.6401985
0.5266783
0.43933055
0.5171045
0.70049584
0.49700466
-0.18994413
0.6181072
0.11850078
0.4932985
0.05291863
0.612869
-0.23806897
0.23544034
0.023774942
0.20898235
0.59626865
0.26544937
0.13989417
0.5739588
0.1273085
0.022316275
-0.38383672
0.26090676
0.39385954
0.09922469
0.4379794
0.37244993
0.50526714
0.4158823
0.2632373
0.598
0.3406271
-0.1911525
0.169279
0.34319445
-0.22141837
0.2994104
0.44168547
0.21879454
0.05431579
0.17321937
0.2941799
0.36844522
0.103102475
0.6451085
-0.17857522
0.25719413
0.18041237
0.3347432
0.38440332
0.11525515
0.27030304
-0.014187991
0.060431838
0.39204252
-0.09577512
0.2852633
0.13499466
0.27669138
0.513639
0.5699343
0.40556616
0.49071053
-0.05650823
0.17578326
-0.21163914
0.42419222
0.18511584
0.24325843
0.29531527
0.31099537
0.4593705
0.60688955
0.67844415
0.45531607
0.5710832
0.16685979
0.1770566
0.0965829
-0.07368967
-0.16615947
0.6793132
0.3897324
0.5536066
0.07549044
0.63367414
0.5682723
0.18338992
-0.6237711
-0.0055847717
0.45443717
0.3477647
-0.7164681
0.01345948
0.4117793
0.19222271
-0.20400937
-0.3181231
-0.33170554
-0.6290481
-0.27813056
-0.2839459
0.40429258
-0.39481914
-0.23683566
-0.09724643
-0.32807016
0.097418055
-0.17174959
-0.300202
-0.24330986
-0.26833418
-0.44252777
0.45441595
-0.78473204
0.52183014
-0.38047776
-0.05143885
-0.67930347
-0.18652403
0.2634432
-0.019124115
-0.14436322
0.04744528
0.121028036
-0.46039325
-0.037699807
0.4204251
0.29377124
0.28990817
0.15803187
0.0002911844
-0.0013633304
0.47637153
0.13854472
0.33146122
0.33494976
0.19138479
0.50581914
0.41300124
0.07377794
-0.06715687
-0.35423374
-0.5377272
-0.13740854
0.16006778
0.1624738
0.36996657
0.5369458
0.066709585
0.21233903
0.06519655
0.38635617
-0.08350492
-0.45495787
-0.070681095
0.14139554
-0.18168369
0.09061264
0.41758794
-0.1673086
0.23420075
0.17245026
-0.18934935
-0.022396857
0.1924805
0.5760224
0.3931896
0.5685942
0.45559925
0.4411926
0.26949668
0.6321097
0.60350263
0.7340229
0.4147081
0.557296
0.78960395
0.43467754
0.6166383
0.46405876
0.5687899
0.4177225
0.54372364
0.16308291
0.21664403
0.5939827
0.5711297
0.6514898
0.5270561
0.35625988
0.5354362
0.5719015
0.5747132
0.6321064
0.70457745
0.112951346
0.5985993
0.5695855
0.5948832
0.34031096
0.5337187
0.5813639
0.45615068
0.58839756
0.5022161
0.54874635
0.47142717
0.746508
0.51121795
0.487689
0.52037513
0.5464167
0.7091014
0.59629035
0.5372979
0.6095842
0.5358926
0.6649169
0.50279146
0.72034794
0.22564785
-0.09360127
0.26606444
-0.091209516
0.11475736
0.23069909
0.29473683
0.22863205
0.2026723
0.34343433
0.022936609
0.057496563
-0.50639945
0.31210756
0.03359422
-0.08024192
0.1200273
-0.07850194
0.48029652
0.28188294
0.27551487
0.10270608
-0.024026047
0.3939394
-0.16204914
0.24293785
0.12442713
0.1713871
0.27356485
0.0035517793
0.2923137
-0.10237131
0.09483827
0.32755774
0.22004357
0.22940974
0.1913997
0.35097203
0.2531915
-0.577044
-0.39244527
0.23770891
0.38498512
0.18068756
0.15008473
0.20327902
0.24713126
0.14663951
0.29376632
-0.03387844
0.2614406
0.04615937
0.05843643
-0.11088832
0.3553081
0.19778079
-0.005607594
0.23812073
0.35567614
0.17693259
0.46634027
0.13253938
0.04818284
0.26279178
0.21327333
0.24415794
0.42537507
0.29512545
0.31707516
0.33711097
0.079415165
0.2034477
0.049209744
0.7451191
0.8451643
0.5502813
0.78409827
0.8501935
0.45337412
0.65406215
0.65797347
0.68991494
0.3644552
0.71968544
0.5631978
0.81316006
0.62857145
0.6539942
0.5563978
0.6822107
0.5797478
-0.30205643
0.67319196
0.6909672
0.81578946
-0.0055847717
-0.0055847717
-0.0055847717
-0.0055847717
-0.0055847717
-0.0055847717
-0.0055847717
-0.0055847717
-0.0055847717
-0.0055847717
-0.0055847717
-0.0055847717
-0.0055847717
-0.0055847717
-0.0055847717
-0.0055847717
-0.0055847717
-0.0055847717
-0.0055847717
-0.0055847717
-0.0055847717
-0.0055847717
-0.0055847717
-0.0055847717
-0.0055847717
-0.0055847717
-0.0055847717
-0.0055847717
-0.0055847717
-0.0055847717
-0.0055847717
-0.0055847717
-0.0055847717
-0.0055847717
-0.0055847717
-0.0055847717
-0.0055847717
-0.0055847717
-0.0055847717
-0.0055847717
-0.0055847717
-0.0055847717
-0.0055847717
-0.0055847717
-0.0055847717
-0.0055847717
-0.0055847717
-0.0055847717
-0.0055847717
-0.0055847717
-0.0055847717
-0.0055847717
-0.0055847717
-0.0055847717
-0.0055847717
-0.0055847717
-0.0055847717
-0.0055847717
-0.0055847717
-0.0055847717
-0.0055847717
-0.0055847717
-0.0055847717
-0.0055847717
-0.0055847717
-0.0055847717
-0.0055847717
-0.0055847717
-0.0055847717
-0.0055847717
-0.0055847717
-0.0055847717
-0.0055847717
-0.0055847717
-0.0055847717
-0.0055847717
-0.0055847717
-0.0055847717
-0.0055847717
-0.0055847717
-0.0055847717
-0.0055847717
-0.0055847717
-0.0055847717
-0.0055847717
-0.0055847717
-0.0055847717
-0.0055847717
-0.0055847717
-0.0055847717
-0.0055847717
