-0.141596	3.4517713	2.56361	        0.0
-0.141596	1.1647348	0.54952836	0.0
-0.72736216	-0.6616079	-0.6644386	0.0
-0.72736216	0.38853753	0.076554276	0.0
-1.117873	0.49882916	-0.0968696	0.0
-0.53210676	1.6280051	1.9684508	0.0
-0.53210676	-0.063385345	-0.2466448	0.0
-0.141596	3.4517713	2.56361	0.0
-1.117873	0.49882916	-0.0968696	0.0
-0.141596	1.4473294	0.9239661	0.0
-0.141596	1.1647348	0.54952836	0.0
-0.141596	0.4418062	-0.14416716	0.0
-0.3368514	-0.8804103	-1.5985627	0.0
-0.3368514	0.5051843	0.69930357	0.0
-0.141596	0.4418062	-0.14416716	0.0
-0.141596	-0.30509183	-0.80238944	0.0
-1.117873	-0.7173446	-1.3936071	0.0
-1.117873	-0.7456189	-0.63290703	0.0
-0.141596	-0.30509183	-0.80238944	0.0
0.44417018	-0.13987957	-0.45948315	0.0
-0.141596	-0.30149814	-0.77479935	0.0
-0.141596	-1.1442169	-1.0704081	0.0
0.44417018	-0.13987957	-0.45948315	0.0
0.44417018	-0.48307052	-0.8536283	0.0
-1.3131284	0.5277265	0.15144168	0.0
-1.3131284	-1.1645765	-1.1177056	0.0
0.44417018	-0.48307052	-0.8536283	0.0
0.44417018	-0.04114855	-0.36882976	0.0
-0.141596	0.1665234	-0.27817637	0.0
-0.141596	-1.0571309	-1.271422	0.0
0.44417018	-0.04114855	-0.36882976	0.0
0.44417018	-0.605618	-0.9758133	0.0
0.44417018	-0.605618	-0.9758133	0.0
0.44417018	-0.5154449	-0.8772771	0.0
-0.3368514	-0.3853203	-0.61714125	0.0
-0.3368514	-0.9465619	-1.3029537	0.0
0.44417018	-0.5154449	-0.8772771	0.0
0.44417018	-1.1381915	-1.523675	0.0
1.0299363	-0.6044684	-0.9758133	0.0
1.6157025	-0.2627205	-0.60137546	0.0
0.44417018	-1.1381915	-1.523675	0.0
0.44417018	0.19085047	-0.12051829	0.0
1.2251917	-0.7075929	-0.4988977	0.0
1.2251917	-0.8423562	-1.4606117	0.0
1.0299363	-0.6044684	-0.9758133	0.0
0.44417018	-0.0016312293	-0.19540589	0.0
-1.3131284	-0.9847609	-1.4606117	0.0
-1.3131284	-0.38263112	0.84119564	0.0
0.44417018	-0.0016312293	-0.19540589	0.0
0.44417018	-0.787528	-1.1413542	0.0
0.8346809	-0.98848295	-1.1374128	0.0
0.8346809	-0.49810004	-1.0940568	0.0
0.44417018	-0.787528	-1.1413542	0.0
1.6157025	-0.2627205	-0.60137546	0.0
1.0299363	-0.18292212	-0.5225464	0.0
-0.92261755	-0.90702856	-0.6880874	0.0
-0.92261755	-0.6152491	-0.9915791	0.0
1.0299363	-0.18292212	-0.5225464	0.0
0.44417018	-1.0220232	-1.3936071	0.0
0.6394256	-0.7703278	-0.56984377	0.0
0.6394256	-0.7432915	-1.3068953	0.0
0.44417018	-1.0220232	-1.3936071	0.0
0.44417018	-0.5116744	-0.81027234	0.0
0.44417018	-1.0076247	-1.4093729	0.0
0.44417018	-0.5116744	-0.81027234	0.0
0.44417018	-0.16439544	-0.50283915	0.0
-0.3368514	-1.0607566	-1.0191692	0.0
-0.3368514	-0.50451946	-0.8418039	0.0
0.44417018	-0.16439544	-0.50283915	0.0
0.44417018	-0.20731342	-0.5264878	0.0
1.0299363	-1.0607566	-1.1334714	0.0
1.0299363	-0.40342483	-0.833921	0.0
0.44417018	-0.20731342	-0.5264878	0.0
0.44417018	-0.6210857	-0.95216453	0.0
-0.72736216	-0.96878266	-0.94428164	0.0
-0.72736216	-0.54514617	-0.9758133	0.0
0.44417018	-0.6210857	-0.95216453	0.0
0.44417018	0.0485382	-0.25846913	0.0
0.44417018	-0.8245531	-1.2280662	0.0
0.44417018	-0.36372262	-0.6802045	0.0
0.44417018	0.0485382	-0.25846913	0.0
-0.141596	-0.18815978	-0.73538476	0.0
-0.72736216	-0.26032478	-0.6644386	0.0
-0.72736216	-1.1346421	-1.3778412	0.0
-0.141596	-0.18815978	-0.73538476	0.0
-0.141596	-0.20960064	-0.7314433	0.0
0.8346809	-0.21726209	-0.60925835	0.0
0.8346809	-1.1346421	-1.3975486	0.0
-0.141596	-0.20960064	-0.7314433	0.0
-0.141596	-0.2358571	-0.77874076	0.0
-0.141596	-0.2358571	-0.77874076	0.0
-0.141596	-0.26165527	-0.77479935	0.0
0.053659383	-0.11630825	-0.48707336	0.0
0.053659383	-1.1405832	-1.5512651	0.0
-0.141596	-0.26165527	-0.77479935	0.0
-0.141596	0.36746255	-0.19146453	0.0
-0.141596	-0.104100525	-0.51072204	0.0
-0.141596	-1.1346421	-1.5946212	0.0
-0.141596	0.36746255	-0.19146453	0.0
-0.141596	1.0834492	0.42734337	0.0
-0.141596	0.31556854	0.08443717	0.0
-0.141596	-0.6846526	-0.62108266	0.0
-0.141596	1.0834492	0.42734337	0.0
-0.141596	0.8579902	0.22238792	0.0
-0.72736216	-0.5685808	-1.200476	0.0
-0.72736216	0.19767986	0.27362683	0.0
-0.141596	0.8579902	0.22238792	0.0
-0.141596	1.9043531	2.0709286	0.0
-0.141596	-0.13364503	-0.4476588	0.0
-0.141596	1.2302474	0.6717133	0.0
0.44417018	0.8228221	0.2696853	0.0
-0.72736216	-0.45084882	-0.28605935	0.0
-0.72736216	0.31891304	0.07261273	0.0
0.44417018	2.7864766	1.7319635	0.0
0.44417018	0.8228221	0.2696853	0.0
0.44417018	0.5444202	-0.04563088	0.0
-0.92261755	-0.018835375	0.19085635	0.0
-0.92261755	-0.7363657	-1.2398905	0.0
0.44417018	0.5444202	-0.04563088	0.0
0.44417018	-0.19644022	-0.51072204	0.0
-0.3368514	-0.3853203	-0.79450655	0.0
-0.3368514	-1.0261232	-1.1452957	0.0
0.44417018	-0.19644022	-0.51072204	0.0
0.44417018	-0.08346755	-0.41612723	0.0
-0.72736216	-0.7980876	-1.4369631	0.0
-0.72736216	-0.6529978	-0.6802045	0.0
0.44417018	-0.08346755	-0.41612723	0.0
0.44417018	-0.26165527	-0.5816682	0.0
-1.117873	-1.1454388	-1.4645532	0.0
-1.117873	-0.16439544	-0.38459563	0.0
0.44417018	-0.26165527	-0.5816682	0.0
0.44417018	-0.14493626	-0.4555417	0.0
-1.117873	-1.1110668	-1.5709724	0.0
-1.117873	0.014720836	-0.19934742	0.0
0.44417018	-0.14493626	-0.4555417	0.0
0.44417018	-0.15754995	-0.50283915	0.0
-1.117873	-1.1164973	-1.2950709	0.0
-1.117873	-0.052110113	-0.34123963	0.0
0.44417018	-0.15754995	-0.50283915	0.0
0.44417018	-0.773242	-1.1334714	0.0
-0.72736216	-0.79758114	-0.77479935	0.0
-0.72736216	-0.6927885	-1.2241247	0.0
0.44417018	-0.773242	-1.1334714	0.0
-0.141596	-1.0068408	-1.3699584	0.0
0.44417018	0.37905106	0.09232006	0.0
-0.141596	-1.0068408	-1.3699584	0.0
-0.141596	-0.08738678	-0.42795157	0.0
1.2251917	-1.0913342	-1.243832	0.0
1.2251917	-0.35584804	-0.76297486	0.0
-0.141596	-0.08738678	-0.42795157	0.0
-0.141596	-1.1164973	-1.5000263	0.0
0.44417018	-1.0068408	-1.3975486	0.0
-0.141596	-1.1164973	-1.5000263	0.0
-0.141596	-1.149145	-1.5591481	0.0
1.0299363	-0.98848295	-0.8654526	0.0
1.0299363	-0.42715696	-0.7156775	0.0
-0.141596	-1.149145	-1.5591481	0.0
0.44417018	-1.0068408	-1.3975486	0.0
0.44417018	-0.0959486	-0.42006868	0.0
0.053659383	-1.1164973	-1.3068953	0.0
0.053659383	-0.41444677	-0.6604971	0.0
0.44417018	-0.0959486	-0.42006868	0.0
0.44417018	-0.43404663	-0.77479935	0.0
0.24891478	-0.7209261	-0.5619609	0.0
0.24891478	-0.76214373	-1.2832465	0.0
0.44417018	-0.43404663	-0.77479935	0.0
0.44417018	-0.58184975	-0.8812185	0.0
2.2014687	-0.26538953	-0.46736604	0.0
2.2014687	-1.0834035	-1.2162418	0.0
0.44417018	-0.58184975	-0.8812185	0.0
0.44417018	-0.3431459	-0.597434	0.0
2.0062132	-0.11630825	-0.18358164	0.0
2.0062132	-1.1346421	-1.5512651	0.0
0.44417018	-0.3431459	-0.597434	0.0
0.44417018	-0.67282677	-1.0507008	0.0
0.24891478	-0.86417085	-1.4566704	0.0
0.24891478	-0.6829483	-0.25846913	0.0
0.44417018	-0.67282677	-1.0507008	0.0
0.44417018	-0.28289115	-0.59349257	0.0
2.0062132	-1.0076247	-1.4054315	0.0
0.44417018	-0.28289115	-0.59349257	0.0
0.44417018	0.13670154	-0.17569874	0.0
0.053659383	-0.9737992	-1.5630896	0.0
0.053659383	-0.05548269	1.0225024	0.0
0.44417018	0.13670154	-0.17569874	0.0
0.44417018	-0.50792	-0.8615112	0.0
1.0299363	1.4596939	1.4127061	0.0
0.44417018	-0.6432823	-0.9758133	0.0
-0.141596	-0.7850398	-1.1452957	0.0
0.44417018	-0.50792	-0.8615112	0.0
0.44417018	-0.4588801	-0.81027234	0.0
0.8346809	-0.45084882	-0.73538476	0.0
0.8346809	-1.0785517	-1.042818	0.0
0.44417018	-0.4588801	-0.81027234	0.0
0.44417018	-0.40953478	-0.77085775	0.0
-0.72736216	-0.45084882	-0.76691633	0.0
-0.72736216	-1.043874	-1.0664666	0.0
0.44417018	0.37905106	0.09232006	0.0
0.44417018	-0.40953478	-0.77085775	0.0
0.8346809	-0.6384707	-0.5501365	0.0
0.8346809	-0.86417085	-1.523675	0.0
-0.141596	0.18856727	-0.39247853	0.0
-1.3131284	1.1220299	0.7505423	0.0
-1.3131284	-0.76984143	-0.7117361	0.0
-0.141596	11.826744	0.6795962	0.0
-0.141596	0.18856727	-0.39247853	0.0
-0.141596	0.4297914	-0.053513773	0.0
-1.3131284	-0.9847609	-1.2950709	0.0
-1.3131284	0.14553276	-0.2387619	0.0
-0.141596	0.4297914	-0.053513773	0.0
-0.141596	0.7917742	0.16326612	0.0
-0.141596	0.7917742	0.16326612	0.0
-0.141596	1.3473724	0.6638304	0.0
-1.117873	0.5132518	0.70324486	0.0
-1.117873	-0.73041654	-1.3936071	0.0
-0.141596	1.3473724	0.6638304	0.0
-0.141596	1.1368223	0.4706994	0.0
1.8109579	-0.82032037	-0.8575697	0.0
1.8109579	0.5165679	0.2460366	0.0
-0.141596	1.1368223	0.4706994	0.0
-0.141596	0.34682152	-0.2387619	0.0
0.053659383	0.14220043	0.3958118	0.0
0.053659383	-0.5216472	-1.0704081	0.0
-0.141596	0.34682152	-0.2387619	0.0
0.44417018	-0.18916059	-0.5146635	0.0
-0.141596	-0.2842458	-0.7117361	0.0
-0.141596	-1.1265504	-1.3463097	0.0
0.44417018	-0.18916059	-0.5146635	0.0
0.44417018	-0.6550398	-1.0191692	0.0
-0.72736216	-0.33201146	-0.6604971	0.0
-0.72736216	-1.1164973	-1.251715	0.0
0.44417018	-0.6550398	-1.0191692	0.0
0.44417018	-0.86417085	-1.2398905	0.0
0.44417018	0.23970953	-0.010157757	0.0
0.44417018	0.024102729	-0.30970806	0.0
0.44417018	-0.86417085	-1.2398905	0.0
0.44417018	-0.58632356	-0.9482231	0.0
0.44417018	-0.58408463	-1.0940568	0.0
0.44417018	-0.8971844	-0.8299796	0.0
0.44417018	-0.58632356	-0.9482231	0.0
0.44417018	-0.52372533	-0.89304286	0.0
1.2251917	-0.5216472	-0.95216453	0.0
1.2251917	-0.93453914	-0.90880865	0.0
0.44417018	0.23970953	-0.010157757	0.0
-0.141596	2.2805657	2.240411	0.0
-1.3131284	-0.3374219	-0.6959703	0.0
-1.3131284	-1.0913342	-1.2241247	0.0
-0.141596	2.2805657	2.240411	0.0
-0.141596	-0.18516508	-0.5343707	0.0
-0.3368514	-0.59195113	-1.0467595	0.0
-0.3368514	-0.90702856	-0.8418039	0.0
-0.141596	-0.18516508	-0.5343707	0.0
-0.141596	-0.21342337	-0.74326766	0.0
-0.3368514	-0.5282475	-0.74326766	0.0
-0.3368514	-0.9145453	-0.6841459	0.0
-0.141596	-0.21342337	-0.74326766	0.0
-0.141596	-0.11066062	-0.65261424	0.0
0.6394256	-0.59913427	-1.0152278	0.0
0.6394256	-0.93453914	-0.8575697	0.0
-0.141596	-0.11066062	-0.65261424	0.0
-0.141596	-0.75453454	-1.2162418	0.0
-1.117873	-0.16439544	-0.36882976	0.0
-1.117873	-1.1164973	-1.523675	0.0
-0.141596	-0.75453454	-1.2162418	0.0
0.44417018	-0.8396228	-1.243832	0.0
-0.141596	0.86732787	0.23027082	0.0
-0.141596	-0.14904842	-0.6604971	0.0
0.44417018	-0.8396228	-1.243832	0.0
-0.141596	0.6380101	0.029256716	0.0
-0.72736216	-0.87864566	-1.3068953	0.0
-0.72736216	0.071747735	1.2353407	0.0
-0.141596	0.6380101	0.029256716	0.0
-0.141596	1.3364831	0.6756548	0.0
-0.141596	0.54084265	0.502231	0.0
-0.141596	-0.94859993	-0.93639874	0.0
-0.141596	1.3364831	0.6756548	0.0
-0.141596	0.9396617	0.31698266	0.0
-0.72736216	-0.41444677	-0.8812185	0.0
-0.72736216	0.19180308	0.50617236	0.0
-0.141596	0.9396617	0.31698266	0.0
-0.92261755	-0.07979357	-0.4476588	0.0
-0.92261755	-0.28914973	-0.092928246	0.0
-0.141596	1.7152761	1.2589897	0.0
-0.141596	0.28283644	-0.27029347	0.0
-0.141596	5.303711	4.4830966	0.0
-0.141596	0.28283644	-0.27029347	0.0
-0.141596	1.7480123	1.0343269	0.0
-0.72736216	-0.26993984	-0.26241058	0.0
-0.72736216	-0.039367817	-0.554078	0.0
-0.141596	1.7480123	1.0343269	0.0
-0.141596	1.0223061	0.45493343	0.0
-0.141596	0.40786406	-0.033806443	0.0
-0.141596	-0.7703278	-0.8299796	0.0
-0.141596	1.0223061	0.45493343	0.0
-0.141596	0.91475993	0.29333398	0.0
0.44417018	-0.54514617	-1.1492372	0.0
0.44417018	0.20598446	0.3209242	0.0
-0.141596	0.86732787	0.23027082	0.0
-0.141596	0.91475993	0.29333398	0.0
-0.53210676	-0.50451946	-0.9836962	0.0
-0.53210676	0.1337471	0.5101139	0.0
-0.141596	-0.14904842	-0.6604971	0.0
-0.141596	-0.11066062	-0.6565557	0.0
-0.53210676	-0.7209261	-1.2832465	0.0
-0.53210676	-0.7850398	-0.6841459	0.0
-0.141596	-0.11066062	-0.6565557	0.0
-0.141596	-0.20731342	-0.7314433	0.0
-0.3368514	-1.125413	-1.6734501	0.0
-0.3368514	0.032785207	-0.22693746	0.0
-0.141596	-0.20731342	-0.7314433	0.0
-0.141596	0.27527553	-0.18358164	0.0
-1.117873	-1.1442169	-1.5157921	0.0
-1.117873	-0.10596962	-0.48313192	0.0
-0.141596	0.27527553	-0.18358164	0.0
-0.141596	-0.11536359	-0.6565557	0.0
-0.3368514	-0.08738678	-0.29394224	0.0
-0.3368514	-1.1265504	-1.5670309	0.0
-0.141596	-0.11536359	-0.6565557	0.0
0.44417018	-0.7655002	-1.1177056	0.0
-0.3368514	-0.6384707	-1.2595978	0.0
-0.3368514	-0.8093547	-0.9324573	0.0
0.44417018	-0.7655002	-1.1177056	0.0
0.44417018	-0.18891142	-0.5343707	0.0
0.44417018	-0.21546938	-0.5580194	0.0
-1.117873	0.15781283	-0.07716246	0.0
-1.117873	-1.0913342	-1.2398905	0.0
0.44417018	-0.18891142	-0.5343707	0.0
0.44417018	-0.18815978	-0.4988977	0.0
-0.141596	-1.0607566	-1.1255884	0.0
-0.141596	-0.42062494	-0.8418039	0.0
0.44417018	-0.21546938	-0.5580194	0.0
0.44417018	-0.77616835	-1.1452957	0.0
-0.141596	-0.3778718	-0.59349257	0.0
-0.141596	-0.91707766	-1.121647	0.0
0.44417018	-0.77616835	-1.1452957	0.0
0.44417018	-0.03050047	-0.34518108	0.0
-0.141596	-0.47253093	-1.0112864	0.0
-0.141596	-0.9145453	-0.7077946	0.0
0.44417018	-0.03050047	-0.34518108	0.0
1.0299363	-0.46730536	-0.81027234	0.0
1.0299363	-1.071879	-1.4606117	0.0
1.0299363	-1.039565	-1.4330217	0.0
1.0299363	-0.46730536	-0.81027234	0.0
1.0299363	-0.17696092	-0.5304293	0.0
0.6394256	-0.59837455	-1.0546423	0.0
0.6394256	-0.86246246	-0.7472091	0.0
1.0299363	-0.17696092	-0.5304293	0.0
1.0299363	-0.9189871	-1.2871878	0.0
-0.3368514	-0.4910535	-0.97187185	0.0
-0.3368514	-1.0029458	-1.0664666	0.0
1.0299363	-0.9189871	-1.2871878	0.0
0.44417018	-0.8704897	-1.251715	0.0
0.44417018	-0.77763957	-1.1452957	0.0
0.44417018	-0.6665722	-0.9679303	0.0
1.0299363	-0.6289401	-1.007345	0.0
0.44417018	-0.8704897	-1.251715	0.0
0.44417018	-1.1944789	-1.5946212	0.0
1.0299363	-0.94859993	-1.1492372	0.0
1.0299363	-0.46243754	-0.8536283	0.0
0.44417018	-1.1944789	-1.5946212	0.0
0.44417018	-0.77763957	-1.1452957	0.0
1.0299363	-0.94859993	-1.1492372	0.0
0.44417018	-0.15365487	-0.49495625	0.0
1.0299363	-1.1164973	-1.610387	0.0
0.44417018	-0.6665722	-0.9679303	0.0
0.44417018	-0.18891142	-0.5225464	0.0
0.8346809	-0.6927885	-1.0270522	0.0
0.8346809	-0.77616835	-0.36882976	0.0
0.44417018	-0.18891142	-0.5225464	0.0
0.44417018	-0.4098402	-0.75903344	0.0
1.0299363	-0.6846526	-1.1452957	0.0
1.0299363	-0.8423562	-0.6880874	0.0
1.0299363	-0.6289401	-1.007345	0.0
1.0299363	-1.2895399	-1.6931574	0.0
1.0299363	-0.54514617	-0.9324573	0.0
1.0299363	-0.9617161	-0.8615112	0.0
0.44417018	-0.42435125	-0.76297486	0.0
1.0299363	0.014720836	-0.18358164	0.0
-0.3368514	-0.73041654	-1.271422	0.0
-0.3368514	-0.7850398	-0.60925835	0.0
0.44417018	-1.0076247	-1.4093729	0.0
0.44417018	-0.42435125	-0.76297486	0.0
-0.53210676	-0.46763092	-0.63684845	0.0
-0.53210676	-0.98254603	-0.7156775	0.0
0.44417018	-0.4098402	-0.75903344	0.0
1.0299363	-0.99755543	-1.3896657	0.0
-0.141596	-0.6971096	-0.75115055	0.0
-0.141596	-0.6795597	-0.14022562	0.0
1.0299363	-0.99755543	-1.3896657	0.0
1.0299363	-0.4265339	-0.77874076	0.0
0.44417018	-0.4116812	-0.39247853	0.0
0.44417018	-0.90889764	-0.30970806	0.0
1.0299363	-0.4265339	-0.77874076	0.0
1.0299363	-0.3317301	-0.6880874	0.0
1.0299363	-0.44733566	-0.5461951	0.0
1.0299363	-1.094361	-1.5709724	0.0
1.0299363	-0.3317301	-0.6880874	0.0
1.0299363	-0.99148166	-1.2674807	0.0
2.0062132	-0.5075784	-0.5895511	0.0
2.0062132	-1.094361	-1.6143285	0.0
1.0299363	-0.99148166	-1.2674807	0.0
1.0299363	-0.62304324	-0.92457443	0.0
1.0299363	-0.8245531	-1.042818	0.0
4.1540227	-1.1593188	-1.3108367	0.0
4.1540227	-0.6558558	-1.2674807	0.0
1.0299363	-0.62304324	-0.92457443	0.0
2.0062132	-0.35034513	-0.6999117	0.0
2.396724	-1.1198055	-1.4133143	0.0
2.396724	-0.50451946	-0.8891014	0.0
2.0062132	-0.35034513	-0.6999117	0.0
2.0062132	-0.43687648	-0.798448	0.0
1.2251917	-0.076360814	0.041081153	0.0
1.2251917	-1.1442169	-1.4369631	0.0
2.0062132	-1.0076247	-1.4054315	0.0
2.0062132	-0.43687648	-0.798448	0.0
0.8346809	-0.80012155	-1.2950709	0.0
0.8346809	-0.9952642	-0.34518108	0.0
1.0299363	-0.8245531	-1.042818	0.0
1.0299363	-1.1580204	-1.5473237	0.0
1.0299363	-1.1580204	-1.5473237	0.0
0.44417018	-0.8851455	-1.279305	0.0
1.0299363	-0.8971844	-1.1728858	0.0
0.44417018	-0.8851455	-1.279305	0.0
0.44417018	-0.3431459	-0.6880874	0.0
3.373001	-0.77763957	-1.1925931	0.0
3.373001	-0.96878266	-0.89304286	0.0
0.44417018	-0.3431459	-0.6880874	0.0
0.44417018	-0.06089715	-0.38459563	0.0
0.24891478	-0.7703278	-1.0901153	0.0
0.24891478	-1.120919	-1.271422	0.0
0.44417018	-0.06089715	-0.38459563	0.0
0.44417018	-0.10760967	-0.43189302	0.0
0.6394256	-0.93851453	-0.8260381	0.0
0.6394256	-0.9617161	-1.5630896	0.0
0.44417018	-0.10760967	-0.43189302	0.0
1.0299363	-0.052110113	-0.2821179	0.0
-0.92261755	-0.73041654	-1.1492372	0.0
-0.92261755	-0.7531196	-0.26635203	0.0
1.0299363	-1.071879	-1.4606117	0.0
1.0299363	-0.052110113	-0.2821179	0.0
1.2251917	-1.2435187	-1.602504	0.0
1.2251917	-0.16439544	-0.42795157	0.0
1.0299363	-1.039565	-1.4330217	0.0
1.2251917	-1.2435187	-1.602504	0.0
1.0299363	-0.09293388	-0.42401013	0.0
1.2251917	-1.1046876	-1.6300943	0.0
1.0299363	-0.09293388	-0.42401013	0.0
1.0299363	-0.49272573	-0.8536283	0.0
0.8346809	-0.66948646	-1.2241247	0.0
0.8346809	-0.83096045	-0.8536283	0.0
1.0299363	-0.49272573	-0.8536283	0.0
0.44417018	0.0485382	-0.26241058	0.0
0.44417018	-1.043874	-1.0979983	0.0
0.44417018	-0.42062494	-0.78662366	0.0
0.44417018	0.0485382	-0.26241058	0.0
0.44417018	1.4528323	1.2905213	0.0
-0.92261755	0.68212986	1.3811746	0.0
-0.92261755	-1.280982	-1.2123004	0.0
0.44417018	0.024102729	-0.30970806	0.0
0.44417018	1.4528323	1.2905213	0.0
0.44417018	-0.6301259	-0.8575697	0.0
0.44417018	-0.6301259	-0.8575697	0.0
0.44417018	-0.18891142	-0.5304293	0.0
0.44417018	-0.94859993	-1.5749139	0.0
0.44417018	-0.5216472	0.18297344	0.0
0.44417018	-0.18891142	-0.5304293	0.0
0.44417018	-1.2925587	-1.6892159	0.0
0.053659383	-0.96878266	-1.6616259	0.0
0.053659383	-0.49810004	-0.19934742	0.0
0.44417018	-1.2925587	-1.6892159	0.0
0.44417018	-0.55696	-0.93639874	0.0
0.44417018	-0.23793924	-0.5777268	0.0
0.44417018	0.32645786	0.045022506	0.0
0.44417018	-0.55696	-0.93639874	0.0
0.44417018	-0.012058216	-0.33729818	0.0
-0.72736216	-0.94859993	-1.5788554	0.0
-0.72736216	-0.015334284	1.140746	0.0
0.44417018	-0.012058216	-0.33729818	0.0
0.44417018	0.5734099	0.28545108	0.0
-0.141596	-0.12839532	-0.39247853	0.0
-0.141596	0.98020005	1.787144	0.0
0.44417018	0.5734099	0.28545108	0.0
0.44417018	0.22842231	-0.06139667	0.0
-0.3368514	-0.36050683	-0.77874076	0.0
-0.3368514	1.3093423	2.6345563	0.0
0.44417018	0.22842231	-0.06139667	0.0
0.44417018	0.73483175	0.46675786	0.0
-0.141596	-0.7895257	-1.1728858	0.0
-0.141596	-1.2680386	-1.6931574	0.0
0.44417018	2.8069367	0.52982104	0.0
0.44417018	0.73483175	0.46675786	0.0
-0.141596	1.2576294	0.58500147	0.0
0.8346809	1.5090473	1.7240808	0.0
0.8346809	-0.9405123	-1.1689445	0.0
-0.141596	1.2576294	0.58500147	0.0
-0.141596	1.4999106	0.8096641	0.0
-0.53210676	-0.73041654	-0.80238944	0.0
-0.53210676	0.34318376	-0.07716246	0.0
-0.141596	1.4999106	0.8096641	0.0
-0.141596	0.06742264	0.26574394	0.0
-0.141596	-0.51992273	-1.1610615	0.0
-0.141596	14.027108	1.8659729	0.0
0.44417018	-1.1164973	-1.5118506	0.0
0.44417018	-0.38263112	-0.73538476	0.0
-0.72736216	-1.247663	-1.5552067	0.0
-0.72736216	-0.1001331	-0.56984377	0.0
0.44417018	-1.1164973	-1.5118506	0.0
0.44417018	-0.23793924	-0.5777268	0.0
0.44417018	-0.38263112	-0.73538476	0.0
-0.92261755	-1.071879	-1.5906796	0.0
-0.92261755	-0.2940739	-0.25846913	0.0
0.44417018	0.32645786	0.045022506	0.0
0.44417018	0.9024678	1.0737413	0.0
0.44417018	0.9024678	1.0737413	0.0
0.44417018	-0.55696	-0.92457443	0.0
0.44417018	-1.3661184	-1.7601621	0.0
0.44417018	-0.20706022	-0.5304293	0.0
0.44417018	0.10266701	-0.06533802	0.0
0.6394256	-0.28696707	0.03319826	0.0
0.6394256	-1.0681287	-1.1847103	0.0
0.44417018	-0.52372533	-0.89304286	0.0
0.44417018	-0.20706022	-0.5304293	0.0
0.44417018	-0.9617161	-0.79450655	0.0
0.44417018	-0.4910535	-0.8181552	0.0
-0.141596	0.76725835	0.5613528	0.0
0.44417018	2.0642395	2.0709286	0.0
-0.141596	-1.2138214	-1.6340356	0.0
-0.141596	-0.20960064	-0.5343707	0.0
-0.141596	0.76725835	0.5613528	0.0
-0.141596	-1.1442169	-1.5512651	0.0
-0.141596	0.08137487	-0.24270335	0.0
-0.141596	-0.08554174	-0.13628426	0.0
0.44417018	2.0642395	2.0709286	0.0
1.0299363	-0.8658873	-1.243832	0.0
0.053659383	-0.42934364	0.42734337	0.0
0.053659383	-0.9299487	-1.4606117	0.0
1.0299363	-0.8658873	-1.243832	0.0
1.0299363	-0.6289401	-0.999462	0.0
1.0299363	-0.93851453	-1.3266025	0.0
0.44417018	-0.55696	-0.92457443	0.0
1.0299363	-0.6289401	-0.999462	0.0
0.44417018	-0.37965655	-0.72750187	0.0
0.44417018	-1.0616691	-0.6999117	0.0
1.0299363	-0.93851453	-1.3266025	0.0
1.0299363	-0.8266795	-1.15712	0.0
-0.141596	-1.0913342	-0.45948315	0.0
-0.141596	-0.48638675	-0.64473134	0.0
1.0299363	-0.8266795	-1.15712	0.0
1.0299363	-0.89962834	-1.2123004	0.0
0.44417018	-0.80574507	-0.64473134	0.0
0.44417018	-0.70364153	-0.92851585	0.0
1.0299363	-0.8971844	-1.1728858	0.0
1.0299363	-0.89962834	-1.2123004	0.0
0.44417018	-0.79203	-1.3108367	0.0
0.44417018	-1.047359	-0.63290703	0.0
-0.141596	-0.7895257	-1.1728858	0.0
-0.141596	-0.20224062	-0.50283915	0.0
-0.141596	1.06442	0.54164547	0.0
1.0299363	1.4596939	1.4127061	0.0
1.0299363	-1.2895399	-1.6931574	0.0
1.0299363	0.014720836	-0.18358164	0.0
0.44417018	-0.6432823	-0.9758133	0.0
0.44417018	-0.20553671	-0.5343707	0.0
-0.72736216	-0.68806535	-1.2083589	0.0
0.44417018	0.19085047	-0.12051829	0.0
0.44417018	-0.20553671	-0.5343707	0.0
0.6394256	-0.30814266	-0.50283915	0.0
0.6394256	-1.1405832	-1.488202	0.0
0.44417018	-0.8245531	-1.2280662	0.0
0.44417018	-0.18815978	-0.4988977	0.0
1.6157025	-1.1046876	-1.6300943	0.0
1.6157025	-0.03426281	-0.15993296	0.0
0.44417018	-0.36372262	-0.6802045	0.0
0.44417018	-0.15365487	-0.49495625	0.0
0.44417018	-0.92799515	-1.5630896	0.0
0.44417018	-0.52964234	0.11596875	0.0
-0.141596	-0.7850398	-1.1452957	0.0
-0.3368514	-1.0923392	-1.5867382	0.0
-0.3368514	-0.568215	-1.1177056	0.0
-0.141596	-1.2138214	-1.6340356	0.0
-0.53210676	-0.21956934	0.4628165	0.0
-0.53210676	0.12583639	1.3535845	0.0
-0.141596	-1.1442169	-1.5512651	0.0
2.5919795	-0.51992273	-0.14810851	0.0
2.5919795	0.30283824	0.6125915	0.0
-0.141596	0.08137487	-0.24270335	0.0
-0.141596	-0.20224062	-0.50283915	0.0
-0.141596	-1.0261232	-1.2556562	0.0
-0.141596	-1.2680386	-1.6931574	0.0
0.44417018	-0.07111109	0.31698266	0.0
0.44417018	-0.3778718	-0.5264878	0.0
0.44417018	-1.3661184	-1.7601621	0.0
0.44417018	0.10266701	-0.06533802	0.0
0.053659383	-0.6529978	-0.38459563	0.0
0.053659383	-0.9465619	-1.2162418	0.0
-0.141596	-0.20960064	-0.5343707	0.0
-0.141596	-0.08554174	-0.13628426	0.0
-0.3368514	-0.8528756	-0.5225464	0.0
0.24891478	-0.43310207	0.119910106	0.0
0.6394256	-0.7540642	-0.66838	0.0
-0.3368514	-0.8528756	-0.5225464	0.0
1.2251917	-0.2940739	0.48252365	0.0
-0.3368514	-0.4116812	-0.037747983	0.0
1.4204471	-0.605618	-0.42006868	0.0
0.24891478	-0.43310207	0.119910106	0.0
0.44417018	-0.75785077	-0.5146635	0.0
4.5445333	-0.1403619	-0.14810851	0.0
1.2251917	-0.2940739	0.48252365	0.0
0.44417018	-0.75785077	-0.5146635	0.0
1.2251917	-0.24421394	0.23421218	0.0
-0.72736216	-0.07796061	1.2550482	0.0
-0.141596	-0.648532	-0.26241058	0.0
-0.141596	-0.3377073	0.3209242	0.0
1.2251917	-0.076360814	0.041081153	0.0
4.5445333	-0.1403619	-0.14810851	0.0
1.2251917	-0.24421394	0.23421218	0.0
6.3018317	-0.49810004	-0.59349257	0.0
0.24891478	-0.86417085	-1.4566704	0.0
-0.3368514	-0.4116812	-0.037747983	0.0
-0.72736216	-0.07796061	1.2550482	0.0
1.8109579	-0.50181013	-0.010157757	0.0
0.44417018	-0.32493684	-0.0968696	0.0
2.2014687	-0.14977188	0.08443717	0.0
0.8346809	-0.80012155	-1.2950709	0.0
-0.141596	-0.648532	-0.26241058	0.0
1.8109579	-0.50181013	-0.010157757	0.0
1.4204471	-0.5216472	-0.24270335	0.0
0.24891478	-0.6829483	-0.25846913	0.0
0.053659383	-0.9737992	-1.5630896	0.0
-0.141596	-0.17498325	0.17903191	0.0
-0.53210676	-0.2656548	0.15144168	0.0
-0.72736216	0.10969344	0.47464076	0.0
1.2251917	-0.6493399	-0.4713075	0.0
1.4204471	-0.15925834	0.69930357	0.0
0.24891478	-0.13030466	0.119910106	0.0
0.6394256	-0.74282926	-0.75115055	0.0
3.763512	-0.9465619	-1.1847103	0.0
0.053659383	-0.05548269	1.0225024	0.0
0.8346809	-0.9952642	-0.34518108	0.0
1.4204471	-0.15925834	0.69930357	0.0
1.0299363	-0.23715943	0.5258797	0.0
0.24891478	-0.33201146	0.41157758	0.0
-1.117873	0.15781283	1.8502071	0.0
0.44417018	-0.4116812	-0.39247853	0.0
1.0299363	-0.23715943	0.5258797	0.0
0.44417018	-0.64047253	-0.23482046	0.0
0.6394256	-0.30675593	0.41551894	0.0
-0.72736216	0.39797568	1.8383828	0.0
1.8109579	-0.70014846	-0.3294153	0.0
1.0299363	-0.44733566	-0.5461951	0.0
0.44417018	-0.64047253	-0.23482046	0.0
0.053659383	-0.59195113	-0.21905456	0.0
2.396724	-0.45758986	-0.12840118	0.0
1.0299363	-1.094361	-1.5709724	0.0
0.6394256	-0.30675593	0.41551894	0.0
3.1777456	-0.3317301	0.42340183	0.0
1.4204471	-0.5310412	-0.0022748625	0.0
0.44417018	-0.07796061	0.5968257	0.0
1.2251917	-1.1442169	-1.4369631	0.0
-0.141596	-0.3377073	0.3209242	0.0
1.4204471	-0.5216472	-0.24270335	0.0
0.24891478	-0.33201146	0.41157758	0.0
0.053659383	-0.59195113	-0.21905456	0.0
2.7872348	-0.40220684	-0.08110381	0.0
2.0062132	-0.5075784	-0.5895511	0.0
2.396724	-1.1198055	-1.4133143	0.0
2.396724	-0.45758986	-0.12840118	0.0
2.7872348	-0.40220684	-0.08110381	0.0
2.0062132	-1.094361	-1.6143285	0.0
4.1540227	-1.1593188	-1.3108367	0.0
3.1777456	-0.3317301	0.42340183	0.0
-1.3131284	-0.43561834	0.4036947	0.0
3.1777456	-0.80012155	-0.5422536	0.0
2.396724	-0.50451946	-0.8891014	0.0
6.3018317	-0.49810004	-0.59349257	0.0
-1.3131284	-0.43561834	0.4036947	0.0
7.863875	-0.7840469	-0.9639889	0.0
4.1540227	-0.6558558	-1.2674807	0.0
7.863875	-0.7840469	-0.9639889	0.0
3.9587672	-0.79404384	-0.956106	0.0
3.9587672	-0.79404384	-0.956106	0.0
3.1777456	-0.773242	-0.9876377	0.0
1.0299363	-0.16906229	0.77419114	0.0
0.24891478	-0.7703278	-1.0901153	0.0
1.4204471	-0.5310412	-0.0022748625	0.0
0.44417018	-0.36606613	0.33274844	0.0
-0.72736216	-0.22884677	1.0619171	0.0
3.373001	-0.77763957	-1.1925931	0.0
3.1777456	-0.80012155	-0.5422536	0.0
0.44417018	-0.36606613	0.33274844	0.0
0.44417018	-0.79203	-1.3108367	0.0
3.1777456	-0.773242	-0.9876377	0.0
5.325555	-0.5634758	-0.59349257	0.0
3.373001	-0.96878266	-0.89304286	0.0
0.44417018	-0.80574507	-0.64473134	0.0
0.44417018	-1.047359	-0.63290703	0.0
1.0299363	-0.16906229	0.77419114	0.0
2.0062132	-0.3291776	0.3958118	0.0
-0.141596	0.10407388	1.306287	0.0
0.8346809	-0.16243386	0.19873925	0.0
0.24891478	-1.120919	-1.271422	0.0
2.0062132	-0.3291776	0.3958118	0.0
-0.3368514	0.017498363	0.7505423	0.0
0.6394256	-0.38263112	0.28545108	0.0
0.6394256	-0.93851453	-0.8260381	0.0
-0.3368514	0.017498363	0.7505423	0.0
0.8346809	-0.14904842	0.47464076	0.0
-0.72736216	0.15586726	0.8451372	0.0
-0.53210676	-0.093858406	1.2511067	0.0
-0.72736216	0.12603334	0.6756548	0.0
-0.141596	-0.52929264	-0.037747983	0.0
-0.141596	0.10407388	1.306287	0.0
0.6394256	-0.38263112	0.28545108	0.0
0.8346809	-0.14904842	0.47464076	0.0
1.0299363	-0.3317301	0.127793	0.0
1.8109579	-0.43404663	-0.15205005	0.0
-0.53210676	0.06783666	0.7347765	0.0
0.053659383	-0.42934364	0.42734337	0.0
-0.141596	-1.0913342	-0.45948315	0.0
0.8346809	-0.16243386	0.19873925	0.0
1.0299363	-0.3317301	0.127793	0.0
1.0299363	-0.20960064	0.127793	0.0
-0.141596	-0.48638675	-0.64473134	0.0
0.44417018	-0.70364153	-0.92851585	0.0
5.325555	-0.5634758	-0.59349257	0.0
4.7397885	-0.21240233	0.112027206	0.0
0.053659383	-0.9299487	-1.4606117	0.0
0.44417018	-0.37965655	-0.72750187	0.0
4.7397885	-0.21240233	0.112027206	0.0
0.053659383	0.07830792	0.5771186	0.0
4.349278	-0.335995	-0.18358164	0.0
1.8109579	-0.43404663	-0.15205005	0.0
-0.72736216	-0.17127717	0.70718646	0.0
-0.72736216	-0.006836673	0.6914207	0.0
0.053659383	-0.08208885	0.4785823	0.0
-0.3368514	-0.7245237	-0.41612723	0.0
0.44417018	-1.0616691	-0.6999117	0.0
0.053659383	-0.6529978	-0.38459563	0.0
1.0299363	-0.20960064	0.127793	0.0
-0.72736216	-0.17127717	0.70718646	0.0
1.6157025	-0.38084638	0.017432468	0.0
-0.92261755	0.68212986	1.3811746	0.0
0.6394256	-0.28696707	0.03319826	0.0
-0.72736216	-0.006836673	0.6914207	0.0
1.6157025	-0.38084638	0.017432468	0.0
-0.72736216	0.023889683	1.0619171	0.0
-0.53210676	-0.16439544	0.70718646	0.0
3.1777456	-0.45855856	-0.3136495	0.0
0.8346809	-0.12482992	0.49828944	0.0
-0.72736216	0.023889683	1.0619171	0.0
1.4204471	-0.36050683	-0.13234273	0.0
-0.92261755	-0.016427584	0.19873925	0.0
0.6394256	-0.47943267	-0.42006868	0.0
-0.3368514	0.013008433	0.8057227	0.0
0.053659383	-0.9465619	-1.2162418	0.0
0.053659383	0.07830792	0.5771186	0.0
-0.53210676	-0.16439544	0.70718646	0.0
1.4204471	-0.36050683	-0.13234273	0.0
-1.117873	0.07830792	2.0512211	0.0
-0.141596	0.06783666	0.7466009	0.0
4.349278	-0.335995	-0.18358164	0.0
-1.117873	0.07830792	2.0512211	0.0
1.4204471	0.08239591	0.8727274	0.0
-0.53210676	-0.21956934	0.4628165	0.0
-0.92261755	-0.016427584	0.19873925	0.0
-0.141596	0.06783666	0.7466009	0.0
1.4204471	0.08239591	0.8727274	0.0
-0.141596	0.24614896	0.5101139	0.0
-0.3368514	-1.0923392	-1.5867382	0.0
-1.3131284	0.5277265	0.15144168	0.0
-0.141596	0.1665234	-0.27817637	0.0
0.053659383	0.38515297	0.61653304	0.0
-0.53210676	0.4403309	0.58105993	0.0
-0.92261755	0.71864843	1.3732915	0.0
-1.117873	0.50232625	0.4470505	0.0
-0.72736216	0.50137365	1.140746	0.0
0.44417018	1.0124419	2.1931133	0.0
-1.3131284	1.1296753	2.3862448	0.0
0.8346809	-0.98848295	-1.1374128	0.0
-0.3368514	-0.1646407	-0.22693746	0.0
0.8346809	-0.2136806	0.017432468	0.0
-0.3368514	-0.1646407	-0.27817637	0.0
0.053659383	0.38515297	0.61653304	0.0
-0.3368514	-0.1646407	-0.22693746	0.0
0.6394256	-0.21342337	-0.057455126	0.0
-0.3368514	-0.23793924	-0.29788372	0.0
-1.3131284	-0.9847609	-1.4606117	0.0
0.8346809	-0.2136806	0.017432468	0.0
0.8346809	-0.18916059	0.056846943	0.0
1.0299363	-0.23715943	0.30909976	0.0
-0.141596	-0.22807099	-0.18358164	0.0
-0.3368514	-0.3853203	-0.61714125	0.0
-0.53210676	0.4403309	0.58105993	0.0
0.6394256	-0.21342337	-0.057455126	0.0
0.8346809	-0.18916059	0.056846943	0.0
0.24891478	-0.18891142	-0.041689336	0.0
0.6394256	-0.2382005	-0.36094686	0.0
-0.92261755	-0.21342337	-0.15993296	0.0
-0.53210676	-0.11560079	0.15144168	0.0
0.8346809	-0.49810004	-1.0940568	0.0
0.24891478	-0.18891142	-0.041689336	0.0
2.396724	-0.16439544	-0.12051829	0.0
1.4204471	-0.14012069	0.06867138	0.0
0.8346809	-0.6384707	-0.5501365	0.0
0.6394256	-0.2382005	-0.36094686	0.0
0.6394256	-0.1636599	0.009549574	0.0
-0.141596	-0.18690959	0.24997796	0.0
0.44417018	-0.2940739	-0.31759095	0.0
1.0299363	-0.23715943	0.30909976	0.0
2.396724	-0.16439544	-0.12051829	0.0
0.6394256	-0.1636599	0.009549574	0.0
0.053659383	-0.28045127	-0.08504535	0.0
-0.53210676	-0.25925955	0.17903191	0.0
1.0299363	-0.98848295	-0.8654526	0.0
0.053659383	-1.1164973	-1.3068953	0.0
1.0299363	-0.2136806	-0.018040653	0.0
-0.141596	-0.21342337	-0.1559914	0.0
1.2251917	-1.0913342	-1.243832	0.0
-0.92261755	-0.21342337	-0.15993296	0.0
1.0299363	-0.2136806	-0.018040653	0.0
-0.3368514	-0.2136806	0.017432468	0.0
0.24891478	-0.7209261	-0.5619609	0.0
-0.141596	-0.21342337	-0.1559914	0.0
-0.141596	-0.2382005	-0.19540589	0.0
-0.92261755	-0.19342147	0.97520506	0.0
-0.72736216	-0.31594893	0.03319826	0.0
0.8346809	-0.86417085	-1.523675	0.0
-0.3368514	-0.2136806	0.017432468	0.0
-0.141596	-0.2382005	-0.19540589	0.0
-0.3368514	-0.3048184	-0.14022562	0.0
-1.3131284	-0.19342147	0.59288436	0.0
0.053659383	-0.41444677	-0.6604971	0.0
-0.141596	-0.2254904	-0.021982007	0.0
-1.3131284	0.27184266	2.3862448	0.0
1.0299363	-0.35584804	-0.13234273	0.0
-0.53210676	-0.54053557	-0.029864902	0.0
-0.141596	-0.6436842	-0.25058624	0.0
0.24891478	-0.76214373	-1.2832465	0.0
-0.141596	-0.2254904	-0.021982007	0.0
1.0299363	-0.35584804	-0.13234273	0.0
-0.3368514	-0.29270315	0.5101139	0.0
-0.92261755	-0.23793924	-0.018040653	0.0
-0.141596	-1.0571309	-1.271422	0.0
-0.92261755	-0.1636599	-0.33335674	0.0
0.8346809	-0.3362804	-0.4988977	0.0
0.44417018	-0.23793924	-0.3648883	0.0
-1.3131284	-1.1645765	-1.1177056	0.0
-0.92261755	-0.1636599	-0.33335674	0.0
-0.92261755	-0.3853203	-0.27029347	0.0
-0.3368514	-0.2136806	0.23027082	0.0
0.8346809	-0.3362804	-0.4988977	0.0
0.053659383	-0.1646407	-0.30182517	0.0
-0.3368514	-0.2358571	-0.021982007	0.0
-0.141596	-0.23715943	0.052905403	0.0
-0.92261755	-0.3853203	-0.27029347	0.0
0.053659383	-0.1646407	-0.30182517	0.0
-0.72736216	-0.16439544	-0.31759095	0.0
-1.117873	-0.18815978	-0.23482046	0.0
-0.3368514	-0.9465619	-1.3029537	0.0
1.2251917	-0.7075929	-0.4988977	0.0
-0.141596	-0.22807099	-0.18358164	0.0
-0.141596	-0.23715943	-0.19540589	0.0
-0.141596	-0.3853203	-0.34518108	0.0
-0.92261755	0.71864843	1.3732915	0.0
0.44417018	-0.23793924	-0.3648883	0.0
-0.141596	-0.23715943	-0.19540589	0.0
-0.72736216	-0.3853203	0.3603387	0.0
-0.92261755	-0.90702856	-0.6880874	0.0
-0.141596	-0.3853203	-0.34518108	0.0
-0.141596	-0.23715943	-0.19540589	0.0
-0.141596	-0.13916002	0.71506935	0.0
-0.3368514	-0.2358571	-0.021982007	0.0
-0.72736216	-0.3853203	0.3603387	0.0
-0.141596	-0.23715943	-0.19540589	0.0
-1.3131284	-0.14012069	0.90031743	0.0
0.6394256	-0.30814266	-0.50283915	0.0
-0.141596	-0.18690959	0.24997796	0.0
0.053659383	-0.28045127	-0.08504535	0.0
1.0299363	-0.26245522	-0.06533802	0.0
0.24891478	-0.23793924	-0.11263539	0.0
1.2251917	-0.8423562	-1.4606117	0.0
-1.3131284	-0.38263112	0.84119564	0.0
-0.53210676	-0.25925955	0.17903191	0.0
1.0299363	-0.26245522	-0.06533802	0.0
-0.3368514	-0.38502282	-0.3057666	0.0
0.6394256	-1.1405832	-1.488202	0.0
1.0299363	-0.28696707	-0.33729818	0.0
1.8109579	-0.21138531	-0.1559914	0.0
1.0299363	-0.16439544	0.07261273	0.0
-0.92261755	-0.6152491	-0.9915791	0.0
-0.3368514	-0.38502282	-0.3057666	0.0
1.0299363	-0.28696707	-0.33729818	0.0
0.24891478	-0.21342337	-0.0968696	0.0
-0.72736216	-0.45084882	-0.76691633	0.0
-0.92261755	-0.19342147	0.97520506	0.0
-0.3368514	-0.3048184	-0.14022562	0.0
0.6394256	-0.4588801	-0.124459825	0.0
0.44417018	-0.21342337	-0.07716246	0.0
-0.72736216	-1.043874	-1.0664666	0.0
0.44417018	-0.2940739	-0.31759095	0.0
-1.3131284	-0.19342147	0.59288436	0.0
0.24891478	-0.23793924	-0.11263539	0.0
2.396724	-0.43404663	-0.38459563	0.0
0.8346809	-0.45084882	-0.73538476	0.0
-0.141596	-0.17498325	0.17903191	0.0
0.6394256	-0.4588801	-0.124459825	0.0
-0.141596	-0.18018869	0.41946048	0.0
0.053659383	-0.018835375	0.58105993	0.0
0.8346809	-1.0785517	-1.042818	0.0
-0.72736216	-0.68806535	-1.2083589	0.0
1.8109579	-0.21138531	-0.1559914	0.0
2.396724	-0.43404663	-0.38459563	0.0
0.053659383	-0.12482992	0.17509055	0.0
2.2014687	-0.26538953	-0.46736604	0.0
-0.53210676	-0.54053557	-0.029864902	0.0
-0.3368514	-0.29270315	0.5101139	0.0
1.0299363	-0.6289401	-0.554078	0.0
0.6394256	-0.6301259	-0.3136495	0.0
2.2014687	-1.0834035	-1.2162418	0.0
-0.72736216	-0.31594893	0.03319826	0.0
-0.92261755	-0.23793924	-0.018040653	0.0
0.44417018	-0.21342337	-0.07716246	0.0
2.5919795	-0.58111006	-0.48313192	0.0
2.0062132	-0.11630825	-0.18358164	0.0
1.4204471	-0.605618	-0.42006868	0.0
0.44417018	-0.32493684	-0.0968696	0.0
1.0299363	-0.6289401	-0.554078	0.0
-0.141596	-0.5519273	-0.27817637	0.0
2.0062132	-1.1346421	-1.5512651	0.0
2.2014687	-0.14977188	0.08443717	0.0
-0.53210676	-0.2656548	0.15144168	0.0
-0.141596	-0.18018869	0.41946048	0.0
2.5919795	-0.58111006	-0.48313192	0.0
-0.141596	-0.6436842	-0.25058624	0.0
0.6394256	-0.6301259	-0.3136495	0.0
-0.3368514	-0.8266795	-0.77874076	0.0
0.6394256	-0.7540642	-0.66838	0.0
-0.141596	-0.5519273	-0.27817637	0.0
-0.3368514	-0.8266795	-0.77874076	0.0
-0.3368514	-0.568215	-1.1177056	0.0
-0.72736216	0.10969344	0.47464076	0.0
0.24891478	-0.13030466	0.119910106	0.0
0.053659383	-0.018835375	0.58105993	0.0
0.053659383	-0.12482992	0.17509055	0.0
-0.141596	-0.09293388	0.17114902	0.0
-0.53210676	-0.28914973	0.08443717	0.0
-0.141596	-0.09293388	0.17114902	0.0
1.0299363	-0.20731342	0.65988904	0.0
0.6394256	-0.16439544	0.09626142	0.0
0.053659383	-0.23403612	-0.10869404	0.0
0.6394256	-0.74282926	-0.75115055	0.0
-1.117873	0.15781283	1.8502071	0.0
-0.72736216	0.39797568	1.8383828	0.0
1.0299363	-0.20731342	0.65988904	0.0
2.2014687	-0.3092562	-0.06139667	0.0
1.2251917	-0.6493399	-0.4713075	0.0
3.763512	-0.9465619	-1.1847103	0.0
-0.53210676	-0.28914973	0.08443717	0.0
1.0299363	-0.6846526	-1.1452957	0.0
2.2014687	-0.3092562	-0.06139667	0.0
3.5682564	-0.16439544	0.20268059	0.0
2.7872348	-0.55659825	-0.104752496	0.0
0.8346809	-0.6927885	-1.0270522	0.0
1.0299363	-0.54514617	-0.9324573	0.0
0.6394256	-0.16439544	0.09626142	0.0
3.5682564	-0.16439544	0.20268059	0.0
1.0299363	-0.8423562	-0.6880874	0.0
0.8346809	-0.2358571	0.076554276	0.0
1.0299363	-0.14012069	0.77419114	0.0
0.44417018	-0.18690959	0.15932457	0.0
-0.3368514	-0.4910535	-0.97187185	0.0
0.8346809	-0.77616835	-0.36882976	0.0
0.8346809	-0.2358571	0.076554276	0.0
0.8346809	-0.21265955	0.119910106	0.0
-0.141596	-0.6971096	-0.75115055	0.0
1.8109579	-0.70014846	-0.3294153	0.0
2.7872348	-0.55659825	-0.104752496	0.0
-0.141596	-0.6795597	-0.14022562	0.0
0.44417018	-0.90889764	-0.30970806	0.0
0.44417018	-0.07796061	0.5968257	0.0
-0.72736216	-0.22884677	1.0619171	0.0
-0.72736216	0.15586726	0.8451372	0.0
1.0299363	-0.14012069	0.77419114	0.0
1.0299363	-0.5065574	-0.08504535	0.0
-0.92261755	-0.73041654	-1.1492372	0.0
-0.53210676	-0.093858406	1.2511067	0.0
0.44417018	-0.18690959	0.15932457	0.0
1.6157025	-0.21265955	-0.021982007	0.0
-0.53210676	-0.21854438	-0.1638743	0.0
0.6394256	-0.59837455	-1.0546423	0.0
1.2251917	-0.16439544	-0.42795157	0.0
0.8346809	-0.21265955	0.119910106	0.0
1.6157025	-0.21265955	-0.021982007	0.0
-0.92261755	-0.7531196	-0.26635203	0.0
0.8346809	-0.66948646	-1.2241247	0.0
-0.72736216	0.12603334	0.6756548	0.0
-0.141596	-0.21265955	-0.28605935	0.0
0.24891478	-0.2136806	0.32880712	0.0
1.2251917	-1.1046876	-1.6300943	0.0
-0.141596	-0.21265955	-0.28605935	0.0
-1.117873	-0.21265955	-0.3727712	0.0
0.6394256	-0.2136806	-0.14022562	0.0
0.6394256	-0.9617161	-1.5630896	0.0
1.0299363	-0.5065574	-0.08504535	0.0
-0.53210676	-0.21854438	-0.1638743	0.0
-0.141596	-0.52929264	-0.037747983	0.0
-0.53210676	0.06783666	0.7347765	0.0
0.053659383	-0.08208885	0.4785823	0.0
0.24891478	-0.2136806	0.32880712	0.0
0.44417018	-0.23715943	-0.037747983	0.0
-0.92261755	0.81152284	0.8057227	0.0
-0.3368514	0.40753055	0.33669	0.0
-0.53210676	-0.08738678	-0.18358164	0.0
-0.72736216	0.3749671	0.4470505	0.0
-1.117873	-0.1710319	-0.37671265	0.0
-0.92261755	-0.18441746	0.08443717	0.0
0.8346809	-0.83096045	-0.8536283	0.0
0.44417018	-1.043874	-1.0979983	0.0
-0.3368514	-0.21265955	-0.42401013	0.0
1.8109579	-0.16439544	0.06472984	0.0
-1.117873	-0.21265955	-0.3727712	0.0
-0.92261755	0.81152284	0.8057227	0.0
-0.3368514	-0.21265955	-0.42401013	0.0
-0.72736216	-0.21265955	-0.07716246	0.0
1.8109579	-0.16439544	0.06472984	0.0
1.0299363	-0.2382005	-0.40824434	0.0
1.2251917	-0.21265955	-0.27029347	0.0
-1.3131284	-0.18891142	0.037139613	0.0
-0.3368514	0.40753055	0.33669	0.0
-0.72736216	-0.21265955	-0.07716246	0.0
1.0299363	-0.2382005	-0.40824434	0.0
-0.72736216	-0.1636599	-0.11657693	0.0
-0.3368514	-0.7245237	-0.41612723	0.0
3.1777456	-0.45855856	-0.3136495	0.0
1.6157025	-0.2216234	0.13567589	0.0
0.44417018	-0.42062494	-0.78662366	0.0
0.44417018	-0.23715943	-0.037747983	0.0
1.6157025	-0.2216234	0.13567589	0.0
0.6394256	-0.18891142	0.2539195	0.0
0.8346809	-0.12482992	0.49828944	0.0
0.8346809	-0.14493626	-0.06533802	0.0
2.396724	-0.38263112	-0.24270335	0.0
2.396724	-0.43310207	-0.30182517	0.0
-0.92261755	-1.280982	-1.2123004	0.0
1.2251917	-0.21265955	-0.27029347	0.0
0.6394256	-0.18891142	0.2539195	0.0
0.8346809	-0.14493626	-0.06533802	0.0
0.24891478	-0.21265955	-0.17569874	0.0
0.6394256	-1.0681287	-1.1847103	0.0
0.6394256	-0.47943267	-0.42006868	0.0
2.396724	-0.38263112	-0.24270335	0.0
-0.141596	-0.5144158	-0.37671265	0.0
-1.3131284	-0.18891142	0.037139613	0.0
-0.3368514	-0.26245522	-0.041689336	0.0
-0.141596	-0.21138531	-0.23482046	0.0
0.44417018	-0.18690959	-0.25058624	0.0
-0.72736216	-0.1636599	-0.11657693	0.0
-0.3368514	-0.26245522	-0.041689336	0.0
-0.72736216	-0.21342337	-0.27029347	0.0
-0.92261755	-0.1646407	-0.22693746	0.0
-1.3131284	-0.3374219	-0.6959703	0.0
-0.141596	-0.21138531	-0.23482046	0.0
-0.53210676	-0.16439544	-0.092928246	0.0
-0.3368514	-0.2136806	0.13961743	0.0
-0.72736216	-0.21342337	-0.27029347	0.0
-0.53210676	-0.16439544	-0.092928246	0.0
-1.117873	-0.21265955	-0.23482046	0.0
-0.72736216	-0.21138531	-0.033806443	0.0
1.2251917	-0.5216472	-0.95216453	0.0
0.44417018	-0.9617161	-0.79450655	0.0
2.396724	-0.43310207	-0.30182517	0.0
0.24891478	-0.1646407	-0.11657693	0.0
0.24891478	-0.21265955	-0.17569874	0.0
0.44417018	-0.18690959	-0.25058624	0.0
0.24891478	-0.1646407	-0.11657693	0.0
-0.53210676	-0.13916002	0.088378526	0.0
0.44417018	-0.58408463	-1.0940568	0.0
1.2251917	-0.93453914	-0.90880865	0.0
0.6394256	-0.16439544	0.088378526	0.0
0.44417018	-0.16439544	-0.092928246	0.0
0.44417018	-0.8971844	-0.8299796	0.0
-0.3368514	-0.2136806	0.13961743	0.0
-0.53210676	-0.13916002	0.088378526	0.0
0.8346809	-0.21138531	-0.07716246	0.0
-0.3368514	0.013008433	0.8057227	0.0
1.2251917	-0.18815978	0.41551894	0.0
0.053659383	-0.16439544	0.06472984	0.0
-0.3368514	-0.4588801	-0.29788372	0.0
0.44417018	-0.4910535	-0.8181552	0.0
-0.141596	-0.5144158	-0.37671265	0.0
1.2251917	-0.18815978	0.41551894	0.0
4.349278	-0.11536359	0.24997796	0.0
0.053659383	-0.96878266	-1.6616259	0.0
0.053659383	-0.16439544	0.06472984	0.0
0.6394256	-0.18916059	0.38398737	0.0
0.8346809	-0.45855856	-0.37671265	0.0
0.44417018	-0.94859993	-1.5749139	0.0
0.6394256	-0.16439544	0.088378526	0.0
4.349278	-0.11536359	0.24997796	0.0
0.6394256	-0.18916059	0.38398737	0.0
-0.141596	0.24614896	0.5101139	0.0
-0.3368514	-0.4588801	-0.29788372	0.0
0.44417018	-0.18891142	0.009549574	0.0
0.24891478	0.005061497	0.57317704	0.0
-0.72736216	-0.94859993	-1.5788554	0.0
0.8346809	-0.45855856	-0.37671265	0.0
0.44417018	-0.18891142	0.009549574	0.0
-0.141596	0.11489485	1.3259941	0.0
-0.72736216	-0.33201146	-0.6604971	0.0
0.44417018	-0.16439544	-0.092928246	0.0
0.24891478	-0.18815978	-0.3136495	0.0
-0.53210676	-0.18916059	0.31698266	0.0
-0.72736216	-1.1164973	-1.251715	0.0
0.8346809	-0.21138531	-0.07716246	0.0
-0.72736216	-0.18891142	-0.11657693	0.0
-0.141596	-0.16439544	-0.16781585	0.0
-0.141596	-0.2842458	-0.7117361	0.0
0.24891478	-0.18815978	-0.3136495	0.0
0.6394256	-0.21342337	-0.29394224	0.0
0.6394256	0.40133223	0.5101139	0.0
-0.141596	-1.1265504	-1.3463097	0.0
-0.72736216	-0.18891142	-0.11657693	0.0
-0.72736216	-0.2136806	-0.33729818	0.0
-1.117873	0.44901347	0.7466009	0.0
0.053659383	-0.49810004	-0.19934742	0.0
-0.92261755	-1.071879	-1.5906796	0.0
-0.72736216	-0.18916059	0.037139613	0.0
-0.3368514	-0.21342337	-0.15993296	0.0
0.44417018	-0.5216472	0.18297344	0.0
-0.53210676	-0.18916059	0.31698266	0.0
-0.72736216	-0.18916059	0.037139613	0.0
1.2251917	-0.21342337	-0.104752496	0.0
-0.72736216	-1.247663	-1.5552067	0.0
-0.3368514	-0.21342337	-0.15993296	0.0
-0.141596	-0.18916059	0.06472984	0.0
0.24891478	-0.18916059	-0.29394224	0.0
0.6394256	-0.21342337	-0.29394224	0.0
1.2251917	-0.21342337	-0.104752496	0.0
-0.141596	-0.18916059	0.06472984	0.0
0.6394256	-0.21265955	0.013490927	0.0
-0.72736216	-0.015334284	1.140746	0.0
-0.72736216	-0.1001331	-0.56984377	0.0
-0.92261755	-0.2940739	-0.25846913	0.0
-1.3131284	0.98792195	2.256177	0.0
-1.3131284	1.3948324	2.275884	0.0
-1.117873	0.50772065	2.1339917	0.0
-0.141596	-0.23715943	0.052905403	0.0
-0.53210676	-0.2358571	-0.3648883	0.0
0.24891478	-0.18815978	-0.23482046	0.0
-0.3368514	-0.18891142	-0.26635203	0.0
-0.72736216	-0.16439544	-0.31759095	0.0
-0.53210676	-0.2358571	-0.3648883	0.0
-0.72736216	-0.18891142	-0.23482046	0.0
-1.117873	-0.23715943	-0.39641997	0.0
0.24891478	-0.18815978	-0.23482046	0.0
-0.141596	-0.16243386	-0.29788372	0.0
0.053659383	-0.23793924	-0.3648883	0.0
-0.3368514	-0.13916002	-0.124459825	0.0
-0.72736216	-0.18891142	-0.23482046	0.0
-0.141596	-0.16243386	-0.29788372	0.0
-0.92261755	-0.2136806	-0.11657693	0.0
-0.72736216	-0.2136806	-0.033806443	0.0
0.6394256	-0.7703278	-0.56984377	0.0
-0.141596	-0.13916002	0.71506935	0.0
0.6394256	-0.2861511	-0.104752496	0.0
0.24891478	-0.26165527	-0.23087901	0.0
-1.3131284	-0.14012069	0.90031743	0.0
-0.3368514	-0.18891142	-0.26635203	0.0
0.6394256	-0.2861511	-0.104752496	0.0
-0.141596	-0.2382005	-0.19540589	0.0
-0.3368514	-1.0607566	-1.0191692	0.0
0.24891478	-0.26165527	-0.23087901	0.0
0.6394256	-0.2358571	-0.021982007	0.0
1.6157025	-0.16439544	-0.08504535	0.0
0.053659383	-0.23793924	-0.3648883	0.0
-0.141596	-0.2382005	-0.19540589	0.0
0.6394256	-0.2358571	-0.021982007	0.0
1.4204471	-0.18916059	-0.15993296	0.0
1.0299363	-0.16439544	0.07261273	0.0
-0.141596	-0.50792	-0.46736604	0.0
0.053659383	-0.16439544	0.041081153	0.0
0.6394256	-0.7432915	-1.3068953	0.0
-0.53210676	-0.46763092	-0.63684845	0.0
0.24891478	-0.21342337	-0.0968696	0.0
-0.141596	-0.50792	-0.46736604	0.0
-0.3368514	-0.73041654	-1.271422	0.0
0.053659383	-0.23403612	-0.10869404	0.0
0.053659383	-0.16439544	0.041081153	0.0
3.1777456	-0.2382005	-0.23087901	0.0
-0.3368514	-0.50451946	-0.8418039	0.0
-0.3368514	-0.7850398	-0.60925835	0.0
-0.53210676	-0.98254603	-0.7156775	0.0
1.6157025	-0.18690959	-0.23087901	0.0
-0.3368514	-0.13916002	-0.124459825	0.0
-0.53210676	-0.2136806	-0.033806443	0.0
0.053659383	-0.26245522	-0.33729818	0.0
-0.141596	-0.18690959	-0.1559914	0.0
-0.92261755	-0.2136806	-0.11657693	0.0
-0.53210676	-0.2136806	-0.033806443	0.0
-0.141596	-0.21342337	-0.26635203	0.0
0.8346809	-0.21726209	-0.60925835	0.0
0.053659383	-0.26245522	-0.33729818	0.0
-0.92261755	-0.26165527	-0.42795157	0.0
0.053659383	-0.1646407	-0.30182517	0.0
-0.92261755	-0.26165527	-0.42795157	0.0
-1.117873	-0.21342337	-0.26635203	0.0
1.0299363	-1.0607566	-1.1334714	0.0
1.6157025	-0.16439544	-0.08504535	0.0
1.0299363	-0.26165527	-0.06533802	0.0
1.2251917	-0.2136806	0.17114902	0.0
1.4204471	-0.18916059	-0.15993296	0.0
-0.141596	-0.18690959	-0.1559914	0.0
1.0299363	-0.26165527	-0.06533802	0.0
0.44417018	-0.18916059	0.28939262	0.0
-0.72736216	-0.96878266	-0.94428164	0.0
1.2251917	-0.2136806	0.17114902	0.0
-0.141596	-0.26032478	-0.23087901	0.0
-0.92261755	-0.13987957	0.09626142	0.0
-0.72736216	-0.26032478	-0.6644386	0.0
0.053659383	-0.1646407	-0.30182517	0.0
0.44417018	-0.18916059	0.28939262	0.0
-0.141596	-0.26032478	-0.23087901	0.0
1.0299363	-0.46243754	-0.8536283	0.0
1.0299363	-0.9617161	-0.8615112	0.0
3.1777456	-0.2382005	-0.23087901	0.0
1.6157025	-0.28479245	-0.14416716	0.0
1.0299363	-0.40342483	-0.833921	0.0
1.6157025	-0.18690959	-0.23087901	0.0
1.6157025	-0.28479245	-0.14416716	0.0
0.6394256	-0.21342337	0.23027082	0.0
-0.3368514	-1.0029458	-1.0664666	0.0
1.0299363	-1.1164973	-1.610387	0.0
0.24891478	-0.18891142	-0.12051829	0.0
-0.72736216	-0.1646407	0.21450503	0.0
-0.72736216	-0.54514617	-0.9758133	0.0
0.44417018	-0.92799515	-1.5630896	0.0
0.6394256	-0.21342337	0.23027082	0.0
0.24891478	-0.18891142	-0.12051829	0.0
0.8346809	-1.1346421	-1.3975486	0.0
1.8109579	-0.18916059	-0.23482046	0.0
0.24891478	-0.21342337	0.017432468	0.0
2.5919795	-0.18815978	0.3603387	0.0
1.8109579	-0.18916059	-0.23482046	0.0
0.44417018	-0.16439544	-0.10869404	0.0
-0.92261755	-0.26165527	-0.15205005	0.0
0.24891478	-0.21342337	0.017432468	0.0
0.053659383	-0.18815978	-0.25058624	0.0
0.6394256	-0.18916059	-0.24270335	0.0
-0.53210676	-0.18916059	-0.25058624	0.0
0.44417018	-0.16439544	-0.10869404	0.0
0.053659383	-0.18815978	-0.25058624	0.0
0.24891478	-0.2382005	-0.104752496	0.0
-0.72736216	-0.23793924	0.03319826	0.0
1.6157025	-1.1046876	-1.6300943	0.0
-0.92261755	-0.13987957	0.09626142	0.0
0.44417018	-0.2382005	-0.19540589	0.0
0.44417018	-0.23793924	-0.3648883	0.0
-0.72736216	-1.1346421	-1.3778412	0.0
2.5919795	-0.18815978	0.3603387	0.0
0.44417018	-0.2382005	-0.19540589	0.0
0.24891478	-0.16439544	0.20268059	0.0
-0.141596	-1.0607566	-1.1255884	0.0
0.44417018	-0.23793924	-0.3648883	0.0
-0.53210676	-0.2358571	-0.45160025	0.0
-0.72736216	-0.21265955	-0.06139667	0.0
0.6394256	-0.18916059	-0.24270335	0.0
0.24891478	-0.16439544	0.20268059	0.0
-0.53210676	-0.2358571	-0.45160025	0.0
-0.141596	-0.21342337	-0.014099111	0.0
0.6394256	-0.86246246	-0.7472091	0.0
-0.72736216	-0.1646407	0.21450503	0.0
1.4204471	-0.2382005	-0.11657693	0.0
-0.141596	-0.2861511	-0.15993296	0.0
1.6157025	-0.03426281	-0.15993296	0.0
0.44417018	-0.52964234	0.11596875	0.0
1.4204471	-0.2382005	-0.11657693	0.0
1.8109579	-0.23793924	-0.014099111	0.0
-0.141596	-0.47253093	-1.0112864	0.0
0.6394256	-0.2136806	-0.14022562	0.0
-0.141596	-0.2861511	-0.15993296	0.0
0.44417018	-0.21265955	-0.17569874	0.0
-0.141596	-0.42062494	-0.8418039	0.0
-0.141596	-0.3778718	-0.59349257	0.0
1.8109579	-0.23793924	-0.014099111	0.0
0.44417018	-0.21265955	-0.17569874	0.0
-1.117873	0.15781283	-0.07716246	0.0
-0.141596	-0.91707766	-1.121647	0.0
-0.141596	-0.9145453	-0.7077946	0.0
-0.53210676	-0.08738678	-0.18358164	0.0
-0.72736216	-0.6616079	-0.6644386	0.0
-0.3368514	0.9632773	0.9357906	0.0
0.053659383	0.94738764	0.94761485	0.0
-0.3368514	5.3352656	6.091209	0.0
-0.3368514	-0.8804103	-1.5985627	0.0
-0.3368514	0.9632773	0.9357906	0.0
-1.117873	0.47819218	0.35639715	0.0
-0.53210676	0.45504695	0.5258797	0.0
-0.53210676	1.0614777	1.2235165	0.0
-1.117873	0.50232625	0.4470505	0.0
-0.3368514	-0.23793924	0.20662214	0.0
-0.53210676	-0.2382005	-0.42006868	0.0
-1.117873	0.47819218	0.35639715	0.0
-1.117873	-0.16439544	-0.19540589	0.0
-0.53210676	-0.28696707	-0.5501365	0.0
-0.141596	-0.30149814	-0.77479935	0.0
-0.72736216	0.50137365	1.140746	0.0
-0.3368514	-0.23793924	0.20662214	0.0
-1.117873	-0.16439544	-0.12051829	0.0
-1.117873	-0.7173446	-1.3936071	0.0
-0.53210676	0.45504695	0.5258797	0.0
-1.117873	-0.16439544	-0.19540589	0.0
-1.117873	-0.16439544	-0.12051829	0.0
-0.72736216	-0.0491919	0.86090297	0.0
0.053659383	0.94738764	0.94761485	0.0
0.24891478	0.88971734	0.81754696	0.0
-0.141596	0.938886	0.93184906	0.0
-0.141596	3.18575	3.5568554	0.0
-0.3368514	0.5051843	0.69930357	0.0
0.24891478	0.88971734	0.81754696	0.0
-0.53210676	0.4180298	0.3051584	0.0
-0.92261755	0.4248311	0.27362683	0.0
-0.53210676	0.88971734	0.8017812	0.0
-0.141596	-1.1442169	-1.0704081	0.0
-0.3368514	-0.2136806	0.23027082	0.0
-0.72736216	-0.0491919	0.86090297	0.0
0.053659383	-0.23715943	-0.19540589	0.0
1.2251917	-0.335995	-0.053513773	0.0
-1.117873	-0.7456189	-0.63290703	0.0
-0.53210676	0.4180298	0.3051584	0.0
0.053659383	-0.23715943	-0.19540589	0.0
-0.92261755	-0.3853203	-0.27029347	0.0
-1.117873	-0.18815978	-0.23482046	0.0
1.2251917	-0.335995	-0.053513773	0.0
-1.117873	-0.2627205	-0.33729818	0.0
-0.53210676	-0.16243386	-0.3136495	0.0
-0.92261755	0.4248311	0.27362683	0.0
-0.92261755	-0.3853203	-0.27029347	0.0
-1.117873	-0.2627205	-0.33729818	0.0
-0.72736216	-0.18916059	-0.25058624	0.0
-0.141596	0.938886	0.93184906	0.0
0.053659383	0.865732	0.7860154	0.0
-0.3368514	0.98792195	0.9791466	0.0
-0.3368514	1.7263864	1.8383828	0.0
-0.53210676	0.88971734	0.8017812	0.0
0.053659383	0.865732	0.7860154	0.0
-1.117873	0.43934608	0.32486555	0.0
-0.53210676	0.5035964	0.3603387	0.0
-0.3368514	0.96340585	0.9633808	0.0
-1.117873	-0.23715943	-0.39641997	0.0
-0.53210676	-0.16243386	-0.3136495	0.0
-0.72736216	-0.18891142	-0.12051829	0.0
-1.117873	-0.23715943	-0.23087901	0.0
-0.72736216	-0.18916059	-0.25058624	0.0
-1.117873	0.43934608	0.32486555	0.0
-0.72736216	-0.18891142	-0.12051829	0.0
-0.72736216	-0.13987957	-0.19934742	0.0
-0.72736216	-0.2136806	-0.033806443	0.0
-1.117873	-0.23715943	-0.23087901	0.0
-0.3368514	-0.26032478	-0.23087901	0.0
0.24891478	-0.18916059	-0.33335674	0.0
-0.53210676	0.5035964	0.3603387	0.0
-0.72736216	-0.13987957	-0.19934742	0.0
-0.3368514	-0.26032478	-0.23087901	0.0
0.24891478	-0.2136806	-0.07716246	0.0
-0.72736216	-0.5685808	-1.200476	0.0
-0.3368514	0.98792195	0.9791466	0.0
0.053659383	0.91541106	0.84907854	0.0
0.053659383	1.6373509	1.8896219	0.0
-0.141596	0.31556854	0.08443717	0.0
-0.3368514	0.96340585	0.9633808	0.0
0.053659383	0.91541106	0.84907854	0.0
-1.117873	0.4180298	0.44310918	0.0
-0.72736216	0.42615768	0.26574394	0.0
-0.141596	-0.21342337	-0.26635203	0.0
0.24891478	-0.18916059	-0.33335674	0.0
0.44417018	-0.26165527	-0.23087901	0.0
-0.141596	-0.21342337	-0.15993296	0.0
0.24891478	-0.2136806	-0.07716246	0.0
-1.117873	0.4180298	0.44310918	0.0
0.44417018	-0.26165527	-0.23087901	0.0
0.053659383	-0.23715943	-0.11263539	0.0
0.053659383	-0.11630825	-0.48707336	0.0
-1.117873	-0.21342337	-0.26635203	0.0
-0.141596	-0.21342337	-0.15993296	0.0
-0.3368514	-0.18891142	-0.037747983	0.0
-0.141596	-0.104100525	-0.51072204	0.0
-0.72736216	0.42615768	0.26574394	0.0
0.053659383	-0.23715943	-0.11263539	0.0
-0.3368514	-0.18891142	-0.037747983	0.0
-0.72736216	0.19767986	0.27362683	0.0
-0.141596	1.9043531	2.0709286	0.0
-0.3368514	0.9399191	0.8806103	0.0
0.053659383	1.1103971	1.3220528	0.0
-0.141596	-0.6846526	-0.62108266	0.0
-0.3368514	0.9399191	0.8806103	0.0
-1.117873	0.4180298	0.54164547	0.0
-0.53210676	0.4993074	0.5179968	0.0
0.44417018	0.96442693	0.93184906	0.0
0.053659383	-1.1405832	-1.5512651	0.0
-0.92261755	-0.26165527	-0.15205005	0.0
0.24891478	-0.26245522	-0.26635203	0.0
0.44417018	-0.2136806	0.11596875	0.0
-0.141596	-1.1346421	-1.5946212	0.0
-1.117873	0.4180298	0.54164547	0.0
0.24891478	-0.26245522	-0.26635203	0.0
-0.3368514	-0.1646407	0.23815371	0.0
0.24891478	-0.2382005	-0.104752496	0.0
0.44417018	-0.2136806	0.11596875	0.0
1.0299363	-0.26032478	0.03319826	0.0
-0.141596	0.50232625	0.81754696	0.0
-0.53210676	0.4993074	0.5179968	0.0
-0.3368514	-0.1646407	0.23815371	0.0
1.0299363	-0.26032478	0.03319826	0.0
-0.72736216	0.44705188	0.3051584	0.0
-1.117873	0.005061497	-0.12051829	0.0
-0.72736216	0.15800574	0.3130413	0.0
-0.92261755	0.9399191	1.5900714	0.0
-0.92261755	-0.2382005	-0.42006868	0.0
-0.92261755	0.9470016	1.4402962	0.0
-0.92261755	-0.018835375	0.19085635	0.0
-0.72736216	-0.1636599	-0.18752299	0.0
-0.72736216	-0.31148306	-0.47524893	0.0
-0.72736216	0.458954	0.49434808	0.0
-1.117873	0.005061497	-0.12051829	0.0
-0.72736216	-0.1636599	-0.18752299	0.0
-0.92261755	-0.3317301	-0.23482046	0.0
-0.72736216	0.55819553	1.184102	0.0
-0.72736216	-0.31148306	-0.47524893	0.0
-1.3131284	-0.23793924	-0.20328878	0.0
-1.117873	0.50946105	0.86090297	0.0
-0.53210676	-0.16439544	-0.30970806	0.0
-0.72736216	0.15800574	0.3130413	0.0
-0.92261755	-0.3317301	-0.23482046	0.0
-1.3131284	-0.23793924	-0.20328878	0.0
-0.53210676	-0.18815978	-0.33335674	0.0
-0.92261755	-0.7363657	-1.2398905	0.0
-1.117873	0.50946105	0.86090297	0.0
-0.53210676	0.7743491	0.9949124	0.0
-0.72736216	0.77504444	1.1959263	0.0
-0.3368514	0.55572754	0.60076725	0.0
-0.92261755	0.4935714	0.75842535	0.0
-0.53210676	1.2922506	1.7161977	0.0
-1.117873	1.2200173	2.0196896	0.0
-0.53210676	0.7743491	0.9949124	0.0
0.8346809	-0.31148306	-0.3136495	0.0
-0.92261755	0.627161	0.652006	0.0
-0.72736216	0.77504444	1.1959263	0.0
0.8346809	-0.31148306	-0.3136495	0.0
0.053659383	-0.21342337	0.06472984	0.0
-0.92261755	0.9399191	1.5900714	0.0
-0.72736216	0.0072160885	0.029256716	0.0
-0.72736216	0.05687097	0.10020296	0.0
0.053659383	0.9883038	0.9870295	0.0
-1.117873	-0.1646407	-0.2387619	0.0
-0.53210676	-0.16439544	-0.30970806	0.0
-0.3368514	-0.1646407	-0.025923548	0.0
-0.72736216	-0.2627205	-0.2900008	0.0
-0.53210676	-0.18916059	-0.04563088	0.0
-0.53210676	-0.18815978	-0.33335674	0.0
-0.72736216	0.0072160885	0.029256716	0.0
-0.3368514	-0.1646407	-0.025923548	0.0
0.24891478	-0.2382005	0.13173454	0.0
-0.72736216	-0.2627205	-0.2900008	0.0
-0.72736216	-0.16439544	0.28939262	0.0
-0.141596	-0.2382005	-0.19146453	0.0
-0.3368514	-0.18891142	-0.36882976	0.0
-0.72736216	0.05687097	0.10020296	0.0
0.24891478	-0.2382005	0.13173454	0.0
-0.72736216	-0.16439544	0.28939262	0.0
-1.117873	-0.21342337	-0.19540589	0.0
-0.3368514	-0.3853203	-0.79450655	0.0
-0.3368514	0.55572754	0.60076725	0.0
1.6157025	-0.2861511	-0.08898671	0.0
-0.3368514	0.08239591	0.112027206	0.0
-0.3368514	-1.0261232	-1.1452957	0.0
-0.92261755	0.4935714	0.75842535	0.0
-0.53210676	-0.18916059	-0.04563088	0.0
-0.72736216	-0.26165527	-0.35306397	0.0
-0.72736216	-0.7980876	-1.4369631	0.0
1.6157025	-0.2861511	-0.08898671	0.0
0.24891478	-0.06633576	0.029256716	0.0
-0.141596	-0.18891142	-0.4476588	0.0
-0.72736216	-0.6529978	-0.6802045	0.0
-0.141596	-0.2382005	-0.19146453	0.0
-0.72736216	-0.26165527	-0.35306397	0.0
-1.117873	-0.13987957	-0.28605935	0.0
0.053659383	-0.21342337	0.06472984	0.0
-0.3368514	0.08239591	0.112027206	0.0
2.0062132	-0.2216234	-0.025923548	0.0
0.24891478	-0.06633576	0.029256716	0.0
2.0062132	-0.2216234	-0.025923548	0.0
1.0299363	-0.1558456	0.09626142	0.0
0.053659383	0.9883038	0.9870295	0.0
-0.92261755	0.093779534	-0.06139667	0.0
-0.3368514	0.113098115	0.045022506	0.0
-0.72736216	0.9632773	1.140746	0.0
-0.3368514	-0.21265955	-0.34518108	0.0
-0.3368514	-0.18891142	-0.36882976	0.0
-1.3131284	-0.2136806	-0.2821179	0.0
-0.72736216	-0.14012069	-0.2821179	0.0
0.6394256	-0.18815978	-0.20328878	0.0
-1.117873	-0.21342337	-0.19540589	0.0
-0.92261755	0.093779534	-0.06139667	0.0
-1.3131284	-0.2136806	-0.2821179	0.0
-0.72736216	-0.2136806	-0.39247853	0.0
-0.72736216	-0.14012069	-0.2821179	0.0
-0.53210676	-0.21138531	-0.37671265	0.0
0.8346809	-0.21265955	0.017432468	0.0
-1.117873	-0.26245522	-0.38853708	0.0
-0.3368514	0.113098115	0.045022506	0.0
-0.72736216	-0.2136806	-0.39247853	0.0
-0.53210676	-0.21138531	-0.37671265	0.0
-0.92261755	-0.2136806	-0.30182517	0.0
-1.117873	-1.1454388	-1.4645532	0.0
-0.141596	-0.18891142	-0.4476588	0.0
-0.53210676	-0.21342337	-0.1559914	0.0
-1.3131284	-0.28696707	-0.041689336	0.0
-1.117873	-0.13987957	-0.28605935	0.0
0.6394256	-0.18815978	-0.20328878	0.0
-0.53210676	-0.21342337	-0.1559914	0.0
0.24891478	-0.23793924	0.045022506	0.0
-1.117873	-1.1110668	-1.5709724	0.0
-1.3131284	-0.28696707	-0.041689336	0.0
-0.141596	-0.16243386	-0.13234273	0.0
-0.3368514	-0.13987957	-0.1796401	0.0
0.8346809	-0.21265955	0.017432468	0.0
0.24891478	-0.23793924	0.045022506	0.0
-0.141596	-0.16243386	-0.13234273	0.0
0.8346809	-0.23793924	-0.22693746	0.0
-1.117873	-0.16439544	-0.38459563	0.0
1.0299363	-0.1558456	0.09626142	0.0
-0.141596	-0.1558456	-0.3648883	0.0
-1.117873	0.014720836	-0.19934742	0.0
-0.141596	-0.1558456	-0.3648883	0.0
0.8346809	-0.2045198	-0.0022748625	0.0
0.44417018	1.0124419	2.1931133	0.0
-0.72736216	0.9632773	1.140746	0.0
-0.92261755	0.093779534	0.6874791	0.0
-0.92261755	0.14455196	0.23815371	0.0
0.24891478	-0.2136806	-0.39247853	0.0
-1.117873	-0.26245522	-0.38853708	0.0
-0.53210676	-0.23793924	-0.3136495	0.0
-0.72736216	-0.23715943	-0.018040653	0.0
-1.117873	-0.16439544	0.2460366	0.0
-0.92261755	-0.2136806	-0.30182517	0.0
-0.92261755	0.093779534	0.6874791	0.0
-0.53210676	-0.23793924	-0.3136495	0.0
0.6394256	-0.14012069	-0.21117167	0.0
-0.3368514	-0.1646407	-0.27817637	0.0
-0.72736216	-0.23715943	-0.018040653	0.0
0.44417018	-0.18690959	-0.2545277	0.0
-0.53210676	-0.21342337	-0.27029347	0.0
-0.3368514	-0.23793924	-0.29788372	0.0
-0.92261755	0.14455196	0.23815371	0.0
0.6394256	-0.14012069	-0.21117167	0.0
0.44417018	-0.18690959	-0.2545277	0.0
-1.117873	-1.1164973	-1.2950709	0.0
-0.3368514	-0.13987957	-0.1796401	0.0
0.053659383	-0.16439544	-0.21117167	0.0
-0.72736216	-0.26245522	-0.47524893	0.0
0.8346809	-0.23793924	-0.22693746	0.0
-1.117873	-0.16439544	0.2460366	0.0
0.053659383	-0.16439544	-0.21117167	0.0
-0.3368514	-0.2382005	-0.22693746	0.0
-0.72736216	-0.79758114	-0.77479935	0.0
-0.53210676	-0.11560079	0.15144168	0.0
-0.72736216	-0.26245522	-0.47524893	0.0
-0.53210676	-0.18916059	-0.3057666	0.0
1.4204471	-0.14012069	0.06867138	0.0
-0.53210676	-0.21342337	-0.27029347	0.0
-0.3368514	-0.2382005	-0.22693746	0.0
-0.53210676	-0.18916059	-0.3057666	0.0
-1.117873	-0.052110113	-0.34123963	0.0
0.8346809	-0.2045198	-0.0022748625	0.0
-0.3368514	0.003337115	0.029256716	0.0
-0.53210676	-0.20123164	-0.31759095	0.0
1.0299363	-0.42715696	-0.7156775	0.0
-1.3131284	0.27184266	2.3862448	0.0
-0.3368514	0.003337115	0.029256716	0.0
0.053659383	-0.21138531	0.23421218	0.0
-0.72736216	-0.6927885	-1.2241247	0.0
1.2251917	-0.35584804	-0.76297486	0.0
-0.53210676	-0.20123164	-0.31759095	0.0
0.053659383	-0.21138531	0.23421218	0.0
-0.141596	0.98792195	0.9870295	0.0
-0.53210676	0.91423744	1.5585399	0.0
-0.72736216	3.2534814	3.5213828	0.0
-1.3131284	1.1047413	1.3181113	0.0
-0.141596	0.98792195	0.9870295	0.0
-0.3368514	0.9392718	0.8569616	0.0
-0.53210676	0.88985	0.8569616	0.0
-1.117873	1.1091951	1.1249802	0.0
-0.3368514	0.9392718	0.8569616	0.0
-0.3368514	1.0124419	0.9594393	0.0
-0.141596	0.84067756	0.99885374	0.0
-0.3368514	1.3805507	1.4402962	0.0
-1.3131284	1.1786952	1.9369192	0.0
-0.3368514	1.0124419	0.9594393	0.0
-0.141596	0.1803631	0.13961743	0.0
-0.92261755	0.47029352	0.37216312	0.0
-1.117873	0.44705188	0.43128473	0.0
-1.3131284	1.3133459	2.1261086	0.0
-0.92261755	1.1562533	1.7398466	0.0
-0.92261755	-0.2382005	-0.42006868	0.0
-0.141596	0.1803631	0.13961743	0.0
-1.117873	0.93875736	1.2392824	0.0
-0.53210676	0.9288005	1.0895071	0.0
-0.53210676	0.91423744	1.5585399	0.0
0.053659383	0.9632773	0.9633808	0.0
0.053659383	0.938886	0.9357906	0.0
-0.53210676	1.7237818	1.8344413	0.0
-0.53210676	0.88985	0.8569616	0.0
0.053659383	0.9632773	0.9633808	0.0
-0.92261755	0.9632773	0.9357906	0.0
-0.3368514	0.9632773	0.9082003	0.0
-0.141596	0.84067756	0.99885374	0.0
-0.92261755	0.9632773	0.9357906	0.0
-1.3131284	0.49548486	0.5692357	0.0
-1.3131284	0.5325783	0.45493343	0.0
0.24891478	0.98792195	0.9633808	0.0
-0.92261755	0.47029352	0.37216312	0.0
-0.72736216	-0.21342337	-0.07716246	0.0
-0.92261755	-0.2872405	-0.47524893	0.0
-0.72736216	-0.2940739	-0.42795157	0.0
-1.117873	0.44705188	0.43128473	0.0
-1.3131284	0.49548486	0.5692357	0.0
-0.72736216	-0.21342337	-0.07716246	0.0
-0.92261755	-0.2382005	-0.4476588	0.0
-0.92261755	-0.2872405	-0.47524893	0.0
-0.72736216	-0.21342337	0.013490927	0.0
-0.53210676	-0.23403612	-0.45948315	0.0
-0.72736216	-0.18916059	-0.2387619	0.0
-1.3131284	0.5325783	0.45493343	0.0
-0.92261755	-0.2382005	-0.4476588	0.0
-0.72736216	-0.21342337	0.013490927	0.0
-0.92261755	-0.1636599	-0.36882976	0.0
-1.117873	-0.1646407	-0.2387619	0.0
-1.117873	0.93875736	1.2392824	0.0
-0.72736216	-0.2940739	-0.42795157	0.0
-0.53210676	-0.23403612	-0.45948315	0.0
-1.3131284	0.93875736	1.3417599	0.0
0.053659383	0.938886	0.9357906	0.0
-0.141596	0.938886	0.9357906	0.0
-0.3368514	0.96340585	0.9633808	0.0
-0.72736216	1.5481787	1.621603	0.0
-0.3368514	0.9632773	0.9082003	0.0
-0.141596	0.938886	0.9357906	0.0
0.053659383	0.98792195	0.9633808	0.0
-0.3368514	0.938886	1.1131558	0.0
0.24891478	0.98792195	0.9633808	0.0
0.053659383	0.98792195	0.9633808	0.0
-0.92261755	0.4248311	0.4785823	0.0
-0.53210676	0.51262057	0.44310918	0.0
-0.53210676	0.91423744	1.0816243	0.0
-0.72736216	-0.18916059	-0.2387619	0.0
-1.117873	-0.1636599	-0.39641997	0.0
-1.117873	-0.21342337	-0.07716246	0.0
-1.3131284	-0.28289115	-0.50283915	0.0
-0.92261755	-0.1636599	-0.36882976	0.0
-0.92261755	0.4248311	0.4785823	0.0
-1.117873	-0.1636599	-0.39641997	0.0
-1.117873	-0.16439544	-0.36882976	0.0
-1.117873	-0.21342337	-0.07716246	0.0
-0.72736216	-0.16072549	-0.3648883	0.0
-1.117873	-0.22755644	-0.44371736	0.0
-0.3368514	-0.18815978	-0.041689336	0.0
-0.53210676	0.51262057	0.44310918	0.0
-1.117873	-0.16439544	-0.36882976	0.0
-0.72736216	-0.16072549	-0.3648883	0.0
0.8346809	-0.26245522	-0.38853708	0.0
-0.3368514	-0.21265955	-0.34518108	0.0
-1.3131284	0.93875736	1.3417599	0.0
-1.3131284	-0.28289115	-0.50283915	0.0
-1.117873	-0.22755644	-0.44371736	0.0
-1.3131284	1.0123173	3.0759988	0.0
-0.53210676	1.6280051	1.9684508	0.0
-0.3368514	0.96340585	0.9633808	0.0
-0.72736216	0.98779714	0.9870295	0.0
-0.141596	7.0097365	8.014637	0.0
-0.72736216	0.38853753	0.076554276	0.0
-0.3368514	0.938886	1.1131558	0.0
-0.72736216	0.98779714	0.9870295	0.0
-0.53210676	0.9632773	0.9357906	0.0
-0.53210676	1.0614777	1.2235165	0.0
-0.53210676	0.91423744	1.0816243	0.0
-0.53210676	0.9632773	0.9357906	0.0
-1.117873	0.458954	0.5179968	0.0
-1.117873	0.52191806	0.45493343	0.0
-0.3368514	-0.18815978	-0.041689336	0.0
0.24891478	-0.23793924	-0.38853708	0.0
-0.72736216	-0.16439544	-0.30970806	0.0
-0.53210676	-0.24973698	-0.45160025	0.0
0.8346809	-0.26245522	-0.38853708	0.0
-1.117873	0.458954	0.5179968	0.0
0.24891478	-0.23793924	-0.38853708	0.0
-0.72736216	-0.18891142	-0.3057666	0.0
-0.53210676	-0.2382005	-0.42006868	0.0
-0.72736216	-0.16439544	-0.30970806	0.0
-0.72736216	-0.18916059	0.502231	0.0
-0.92261755	-0.19342147	-0.3806542	0.0
-0.53210676	-0.28696707	-0.5501365	0.0
-1.117873	0.52191806	0.45493343	0.0
-0.72736216	-0.18891142	-0.3057666	0.0
-0.72736216	-0.18916059	0.502231	0.0
-1.3131284	1.1296753	2.3862448	0.0
0.24891478	-0.2136806	-0.39247853	0.0
-1.3131284	1.0123173	3.0759988	0.0
-0.53210676	-0.24973698	-0.45160025	0.0
-0.92261755	-0.19342147	-0.3806542	0.0
-0.53210676	-0.18916059	-0.25058624	0.0
-1.117873	-0.2136806	-0.1638743	0.0
-0.53210676	-0.18916059	-0.25058624	0.0
-0.53210676	-0.21342337	-0.34518108	0.0
-0.72736216	-0.23793924	0.03319826	0.0
-1.117873	-0.2136806	-0.1638743	0.0
-0.141596	-0.18891142	-0.22693746	0.0
-0.53210676	0.44901347	0.7505423	0.0
-0.53210676	-0.18916059	-0.25058624	0.0
-0.53210676	-0.2382005	-0.29394224	0.0
-0.3368514	-0.13916002	-0.3057666	0.0
-0.53210676	-0.21265955	-0.2821179	0.0
-0.141596	-0.18891142	-0.22693746	0.0
-0.53210676	-0.2382005	-0.29394224	0.0
-0.72736216	-0.13916002	-0.27423492	0.0
-1.117873	0.43193793	0.7426594	0.0
-0.3368514	-0.6384707	-1.2595978	0.0
-1.117873	-1.0913342	-1.2398905	0.0
-0.72736216	-0.21265955	-0.06139667	0.0
0.8346809	-0.16243386	-0.32547385	0.0
-0.141596	-0.21342337	-0.014099111	0.0
-0.53210676	-0.21342337	-0.34518108	0.0
0.8346809	-0.16243386	-0.32547385	0.0
-0.53210676	-0.21138531	-0.25058624	0.0
-0.3368514	-0.08738678	-0.29394224	0.0
-0.3368514	-0.8093547	-0.9324573	0.0
-0.72736216	0.3749671	0.4470505	0.0
-0.53210676	-0.21265955	-0.39641997	0.0
-0.3368514	-1.1265504	-1.5670309	0.0
-0.3368514	-0.13916002	-0.3057666	0.0
-0.53210676	-0.21138531	-0.25058624	0.0
-0.53210676	-0.21342337	-0.27029347	0.0
-1.117873	-1.1442169	-1.5157921	0.0
-0.53210676	-0.21265955	-0.2821179	0.0
-0.141596	-0.2358571	-0.18358164	0.0
-0.141596	-0.18916059	-0.42401013	0.0
-0.72736216	-0.13916002	-0.27423492	0.0
-0.141596	-0.2358571	-0.18358164	0.0
-0.92261755	-0.26165527	-0.12840118	0.0
-0.92261755	0.39444238	0.6874791	0.0
-0.3368514	-1.125413	-1.6734501	0.0
-0.141596	-0.18916059	-0.42401013	0.0
-0.92261755	-0.2872405	-0.42006868	0.0
-0.3368514	-0.20960064	-0.3136495	0.0
-0.92261755	-0.26165527	-0.12840118	0.0
-0.92261755	-0.2872405	-0.42006868	0.0
-1.3131284	-0.16439544	0.06472984	0.0
-0.92261755	0.39444238	0.42340183	0.0
-0.53210676	-0.21265955	-0.39641997	0.0
-0.72736216	-0.18891142	-0.25058624	0.0
0.053659383	-0.2136806	-0.33729818	0.0
-0.53210676	-0.21138531	-0.07716246	0.0
-1.117873	-0.10596962	-0.48313192	0.0
-0.53210676	-0.21342337	-0.27029347	0.0
-0.72736216	-0.18891142	-0.25058624	0.0
-0.72736216	-0.18891142	-0.25058624	0.0
0.053659383	-0.2136806	-0.33729818	0.0
-0.72736216	-0.21265955	-0.25058624	0.0
-0.3368514	-0.2136806	-0.29394224	0.0
-0.3368514	-0.21342337	-0.18752299	0.0
-0.3368514	0.032785207	-0.22693746	0.0
-0.72736216	-0.18891142	-0.25058624	0.0
-0.72736216	-0.21265955	-0.25058624	0.0
2.0062132	-0.16439544	0.16720766	0.0
-1.117873	-0.1710319	-0.37671265	0.0
-0.92261755	-0.1646407	-0.22693746	0.0
-0.72736216	-0.23793924	-0.35700542	0.0
-1.117873	-0.16439544	-0.092928246	0.0
-0.92261755	-0.18441746	0.08443717	0.0
-0.53210676	-0.21138531	-0.07716246	0.0
-0.72736216	-0.23793924	-0.35700542	0.0
-0.72736216	-0.14012069	-0.2545277	0.0
-1.117873	-0.21265955	-0.23482046	0.0
-1.117873	-0.16439544	-0.092928246	0.0
-0.72736216	-0.21265955	-0.23482046	0.0
-0.53210676	-0.23793924	-0.29394224	0.0
-0.3368514	-0.2136806	-0.29394224	0.0
-0.72736216	-0.14012069	-0.2545277	0.0
-0.72736216	-0.21265955	-0.23482046	0.0
-1.3131284	-0.2358571	-0.37671265	0.0
-1.117873	-0.16439544	-0.36882976	0.0
-0.53210676	-0.7209261	-1.2832465	0.0
-0.3368514	-0.20960064	-0.3136495	0.0
1.4204471	-0.2136806	0.28545108	0.0
-0.53210676	-0.7850398	-0.6841459	0.0
-1.3131284	-0.16439544	0.06472984	0.0
-1.3131284	-0.2382005	-0.18752299	0.0
-0.3368514	0.4173666	0.54164547	0.0
-1.117873	-1.1164973	-1.523675	0.0
-1.117873	-0.18891142	-0.35700542	0.0
-1.117873	0.4248311	0.5455868	0.0
-0.72736216	-0.87864566	-1.3068953	0.0
-1.3131284	-0.2382005	-0.18752299	0.0
-0.72736216	0.37786135	0.6717133	0.0
-0.3368514	-0.5282475	-0.74326766	0.0
-0.3368514	-0.21342337	-0.18752299	0.0
2.5919795	-0.20960064	0.119910106	0.0
-0.72736216	-0.16439544	-0.029864902	0.0
0.6394256	-0.59913427	-1.0152278	0.0
2.0062132	-0.16439544	0.16720766	0.0
1.4204471	-0.2136806	0.28545108	0.0
2.5919795	-0.20960064	0.119910106	0.0
-0.3368514	-0.9145453	-0.6841459	0.0
0.8346809	-0.2136806	-0.33729818	0.0
-0.141596	-0.21138531	-0.2900008	0.0
-0.92261755	0.3695125	0.9357906	0.0
0.6394256	-0.93453914	-0.8575697	0.0
-1.117873	-0.18891142	-0.35700542	0.0
0.8346809	-0.2136806	-0.33729818	0.0
-0.53210676	0.38583225	0.6914207	0.0
-0.53210676	-0.23793924	-0.29394224	0.0
-0.3368514	-0.26165527	-0.3136495	0.0
-0.53210676	-0.18815978	0.13961743	0.0
-0.72736216	-0.16439544	-0.38459563	0.0
-0.3368514	-0.59195113	-1.0467595	0.0
-1.3131284	-0.2358571	-0.37671265	0.0
-0.72736216	-0.16439544	-0.029864902	0.0
-0.3368514	-0.26165527	-0.3136495	0.0
-0.53210676	-0.18815978	0.13961743	0.0
-0.72736216	-0.21342337	-0.27029347	0.0
-0.92261755	-0.21265955	-0.25058624	0.0
-0.72736216	0.4180298	0.70718646	0.0
-0.3368514	-0.90702856	-0.8418039	0.0
-0.141596	-0.21138531	-0.2900008	0.0
-0.72736216	-0.21342337	-0.27029347	0.0
-0.53210676	0.45797724	0.71506935	0.0
-1.3131284	-1.0913342	-1.2241247	0.0
-0.141596	-0.16439544	-0.16781585	0.0
-0.141596	-0.2136806	-0.27029347	0.0
-1.3131284	-0.21138531	-0.15993296	0.0
-0.72736216	-0.21138531	-0.033806443	0.0
-0.72736216	-0.16439544	-0.38459563	0.0
-0.141596	-0.2136806	-0.27029347	0.0
-0.92261755	-0.2136806	-0.27029347	0.0
-0.72736216	-0.2136806	-0.33729818	0.0
-1.3131284	-0.21138531	-0.15993296	0.0
-0.3368514	-0.14012069	-0.13234273	0.0
-0.72736216	0.44835815	0.7347765	0.0
-0.92261755	-0.21265955	-0.25058624	0.0
-0.92261755	-0.2136806	-0.27029347	0.0
-0.3368514	-0.14012069	-0.13234273	0.0
-0.141596	0.52191806	0.55741125	0.0
-0.72736216	0.071747735	1.2353407	0.0
-0.53210676	-0.50451946	-0.9836962	0.0
-1.117873	0.4248311	0.5455868	0.0
-0.53210676	0.9408194	1.2905213	0.0
-0.3368514	1.0134428	1.0067366	0.0
-0.92261755	0.3695125	0.9357906	0.0
-0.53210676	0.38583225	0.6914207	0.0
-0.53210676	0.9408194	1.2905213	0.0
-0.141596	1.0369618	1.2156336	0.0
-0.92261755	0.98893476	1.1565118	0.0
-0.72736216	0.4180298	0.70718646	0.0
-0.53210676	0.45797724	0.71506935	0.0
-0.141596	1.0369618	1.2156336	0.0
0.44417018	1.0124419	1.1959263	0.0
-0.141596	0.9392718	1.4600036	0.0
0.053659383	0.14220043	0.3958118	0.0
-0.72736216	0.44835815	0.7347765	0.0
-0.141596	0.52191806	0.55741125	0.0
0.44417018	1.0124419	1.1959263	0.0
-0.3368514	0.88985	1.0500927	0.0
0.053659383	-0.5216472	-1.0704081	0.0
0.6394256	0.40133223	0.5101139	0.0
-1.117873	0.44901347	0.7466009	0.0
-0.72736216	0.43934608	1.0027952	0.0
-0.53210676	0.42383823	0.7347765	0.0
0.6394256	0.91541106	1.0934486	0.0
0.24891478	-0.18916059	-0.29394224	0.0
-0.141596	-0.23793924	0.08443717	0.0
-0.53210676	-0.26245522	-0.36094686	0.0
-0.53210676	-0.31594893	-0.47524893	0.0
0.6394256	-0.21265955	0.013490927	0.0
-0.72736216	0.43934608	1.0027952	0.0
-0.141596	-0.23793924	0.08443717	0.0
-0.92261755	-0.23793924	-0.18752299	0.0
-0.53210676	-0.26245522	-0.36094686	0.0
-0.72736216	-0.18916059	-0.43189302	0.0
-1.3131284	-0.26165527	-0.2900008	0.0
-0.72736216	0.40853146	0.5889428	0.0
-0.53210676	0.42383823	0.7347765	0.0
-0.92261755	-0.23793924	-0.18752299	0.0
-0.72736216	-0.18916059	-0.43189302	0.0
-0.53210676	0.44901347	0.46675786	0.0
-1.3131284	0.98792195	2.256177	0.0
-0.53210676	-0.31594893	-0.47524893	0.0
-1.3131284	-0.26165527	-0.2900008	0.0
-1.3131284	0.91423744	1.7516708	0.0
-1.117873	0.5935083	1.4757694	0.0
-0.141596	0.2914385	0.5455868	0.0
0.44417018	-0.54514617	-1.1492372	0.0
-0.53210676	0.1337471	0.5101139	0.0
0.053659383	0.9399191	1.1131558	0.0
-0.53210676	0.98792195	1.3417599	0.0
-0.92261755	0.98893476	1.1565118	0.0
0.053659383	0.9399191	1.1131558	0.0
-0.3368514	1.0134428	1.1959263	0.0
-0.72736216	0.9898191	0.9791466	0.0
-0.141596	0.9392718	1.4600036	0.0
-0.3368514	1.0134428	1.1959263	0.0
-0.3368514	0.98893476	1.1328632	0.0
-0.141596	1.1114783	1.1052729	0.0
1.8109579	-0.82032037	-0.8575697	0.0
-0.3368514	0.88985	1.0500927	0.0
-0.3368514	0.98893476	1.1328632	0.0
0.44417018	1.1914175	1.2156336	0.0
1.8109579	0.5165679	0.2460366	0.0
0.6394256	0.91541106	1.0934486	0.0
0.053659383	0.91423744	1.4127061	0.0
0.053659383	1.210326	1.822617	0.0
-0.72736216	0.40853146	0.5889428	0.0
-0.53210676	0.44901347	0.46675786	0.0
0.053659383	0.91423744	1.4127061	0.0
-0.53210676	0.08137487	0.041081153	0.0
-0.141596	1.1249	1.4757694	0.0
-1.3131284	0.91423744	1.7516708	0.0
-0.53210676	0.08137487	0.041081153	0.0
0.053659383	1.3368127	1.7634954	0.0
-0.92261755	0.48221192	0.78207403	0.0
-0.92261755	1.3231137	1.980275	0.0
-0.141596	0.40786406	-0.033806443	0.0
0.44417018	0.20598446	0.3209242	0.0
-1.117873	0.98893476	1.5309498	0.0
-1.3131284	1.1359861	1.148629	0.0
-0.72736216	0.9898191	0.9791466	0.0
-1.117873	0.98893476	1.5309498	0.0
-1.3131284	0.9883038	0.9712637	0.0
-0.3368514	1.1599072	1.7319635	0.0
0.053659383	1.1103971	1.3220528	0.0
0.24891478	0.8759662	0.84907854	0.0
-0.92261755	1.0373315	1.5861299	0.0
-0.53210676	5.20125	7.395829	0.0
0.44417018	0.96442693	0.93184906	0.0
0.24891478	0.8759662	0.84907854	0.0
-1.117873	1.0154444	0.9594393	0.0
-1.3131284	1.0889119	3.0484083	0.0
-0.141596	0.50232625	0.81754696	0.0
-0.72736216	0.44705188	0.3051584	0.0
-0.53210676	0.44901347	0.7505423	0.0
-1.117873	0.43193793	0.7426594	0.0
-1.117873	1.0154444	0.9594393	0.0
-0.92261755	1.886699	2.2798254	0.0
-0.53210676	1.0399323	1.4363546	0.0
-0.92261755	1.0373315	1.5861299	0.0
-0.141596	0.94507223	1.1052729	0.0
-0.92261755	0.9637877	0.90031743	0.0
-1.3131284	1.0889119	3.0484083	0.0
-0.92261755	1.886699	2.2798254	0.0
-0.141596	0.94507223	1.1052729	0.0
-0.72736216	1.0134428	0.9594393	0.0
-0.53210676	1.1114783	1.4600036	0.0
-0.92261755	0.39444238	0.6874791	0.0
-0.92261755	0.39444238	0.42340183	0.0
-0.53210676	1.0399323	1.4363546	0.0
-0.72736216	1.0134428	0.9594393	0.0
-0.53210676	0.9637877	1.3299357	0.0
-0.92261755	0.9637877	0.90031743	0.0
0.6394256	0.96340585	1.2589897	0.0
-0.53210676	1.1114783	1.4600036	0.0
0.6394256	0.96340585	1.2589897	0.0
-0.72736216	0.98893476	0.9279077	0.0
-0.53210676	0.98792195	1.2944626	0.0
-0.141596	0.54084265	0.502231	0.0
-0.3368514	0.4173666	0.54164547	0.0
-0.72736216	0.37786135	0.6717133	0.0
-0.53210676	0.9637877	1.3299357	0.0
-0.72736216	0.98893476	0.9279077	0.0
-0.92261755	-0.07979357	-0.4476588	0.0
-0.72736216	0.93875736	1.2274579	0.0
-0.72736216	-0.41444677	-0.8812185	0.0
-0.53210676	0.98792195	1.2944626	0.0
-0.72736216	0.93875736	1.2274579	0.0
0.053659383	0.94507223	0.87666875	0.0
-0.141596	-0.94859993	-0.93639874	0.0
-0.3368514	1.0134428	1.0067366	0.0
0.053659383	0.94507223	0.87666875	0.0
-1.117873	0.9163236	1.4127061	0.0
-0.92261755	-0.28914973	-0.092928246	0.0
-0.92261755	0.9434	1.2313994	0.0
-1.117873	1.0859977	1.3929988	0.0
-0.72736216	0.19180308	0.50617236	0.0
-0.92261755	0.9434	1.2313994	0.0
-1.117873	0.9191895	1.1959263	0.0
-0.72736216	0.91423744	1.262931	0.0
-0.53210676	0.98792195	1.3417599	0.0
-1.117873	0.9163236	1.4127061	0.0
-1.117873	0.9191895	1.1959263	0.0
0.24891478	1.1114783	1.3220528	0.0
-1.117873	1.0859977	1.3929988	0.0
-1.3131284	0.96340585	1.2589897	0.0
-1.117873	0.98779714	1.2944626	0.0
-0.72736216	0.91423744	1.262931	0.0
-1.3131284	0.96340585	1.2589897	0.0
-0.53210676	0.9695279	1.2668725	0.0
-1.117873	0.96340585	0.9554979	0.0
-0.141596	-0.7703278	-0.8299796	0.0
0.24891478	1.1114783	1.3220528	0.0
-0.53210676	0.9695279	1.2668725	0.0
-0.3368514	1.0618476	0.9870295	0.0
-1.117873	0.98779714	1.2944626	0.0
-1.117873	0.9392718	1.2274579	0.0
-0.72736216	-0.26993984	-0.26241058	0.0
-1.117873	0.96340585	0.9554979	0.0
-1.117873	0.9392718	1.2274579	0.0
-0.72736216	-0.039367817	-0.554078	0.0
-0.3368514	1.0618476	0.9870295	0.0
-0.92261755	0.98893476	1.2905213	0.0
-1.117873	0.5132518	0.70324486	0.0
-0.141596	1.1114783	1.1052729	0.0
-1.3131284	0.9883038	0.9712637	0.0
-1.3131284	1.3973126	1.4639452	0.0
-1.117873	-0.73041654	-1.3936071	0.0
0.44417018	1.1914175	1.2156336	0.0
-1.3131284	0.91423744	0.8884932	0.0
-1.117873	0.8890582	0.8727274	0.0
0.053659383	1.210326	1.822617	0.0
-1.3131284	0.91423744	0.8884932	0.0
-0.92261755	1.2603546	1.3023455	0.0
-1.3131284	0.9392718	0.90031743	0.0
-0.141596	1.1249	1.4757694	0.0
0.053659383	1.3368127	1.7634954	0.0
-0.92261755	1.2603546	1.3023455	0.0
-1.117873	0.9392718	0.9279077	0.0
-0.72736216	1.1223878	1.1525705	0.0
-1.3131284	1.1359861	1.148629	0.0
-0.92261755	0.98893476	1.2905213	0.0
-1.3131284	1.4848931	1.5782472	0.0
-0.3368514	1.1599072	1.7319635	0.0
-1.117873	1.1274081	1.1565118	0.0
-0.72736216	1.3802251	1.4481794	0.0
-1.117873	1.1274081	1.1565118	0.0
-1.3131284	1.5814373	1.6886077	0.0
-0.92261755	0.49500644	0.41157758	0.0
-1.117873	1.0214338	1.0225024	0.0
-1.3131284	1.3973126	1.4639452	0.0
-1.117873	0.8890582	0.8727274	0.0
-1.117873	0.32733417	0.1869148	0.0
-1.3131284	0.9392718	0.90031743	0.0
-0.72736216	1.2603546	1.2747555	0.0
-0.72736216	1.1201125	1.140746	0.0
-1.3131284	2.4411473	2.677912	0.0
-1.117873	0.9392718	0.9279077	0.0
-0.72736216	1.2603546	1.2747555	0.0
-1.3131284	2.164755	2.3823032	0.0
-1.3131284	1.4848931	1.5782472	0.0
-1.3131284	1.139198	1.1525705	0.0
-0.72736216	1.3802251	1.4481794	0.0
-1.3131284	1.5814373	1.6886077	0.0
-1.3131284	1.139198	1.1525705	0.0
-1.3131284	1.7133387	1.8304998	0.0
-1.3131284	-0.9847609	-1.2950709	0.0
-0.92261755	0.49500644	0.41157758	0.0
-1.117873	0.32733417	0.1869148	0.0
-1.3131284	0.8086529	0.7938983	0.0
-1.3131284	1.1220299	0.7505423	0.0
-1.3131284	0.14553276	-0.2387619	0.0
-0.72736216	1.1201125	1.140746	0.0
-0.92261755	0.48990145	0.39975315	0.0
-1.3131284	-0.76984143	-0.7117361	0.0
-1.117873	1.0214338	1.0225024	0.0
-1.3131284	1.7133387	1.8304998	0.0
-1.3131284	0.8086529	0.7938983	0.0
-0.92261755	0.48990145	0.39975315	0.0
-1.3131284	1.255925	1.3023455	0.0
-1.3131284	2.4411473	2.677912	0.0
-1.3131284	1.255925	1.3023455	0.0
-0.141596	-0.12839532	-0.39247853	0.0
-0.53210676	0.12583639	1.3535845	0.0
2.5919795	-0.51992273	-0.14810851	0.0
0.24891478	0.005061497	0.57317704	0.0
-0.141596	0.11489485	1.3259941	0.0
-1.3131284	1.3948324	2.275884	0.0
-0.3368514	-0.36050683	-0.77874076	0.0
0.8346809	1.5090473	1.7240808	0.0
2.5919795	0.30283824	0.6125915	0.0
-0.141596	-1.0261232	-1.2556562	0.0
0.44417018	-0.07111109	0.31698266	0.0
0.44417018	-0.3778718	-0.5264878	0.0
0.24891478	0.9121511	1.4008819	0.0
-0.141596	0.98020005	1.787144	0.0
-0.3368514	1.3093423	2.6345563	0.0
-1.117873	0.50772065	2.1339917	0.0
-1.117873	0.5935083	1.4757694	0.0
-0.3368514	1.7234924	2.0078654	0.0
0.44417018	0.89616907	0.99097085	0.0
0.8346809	-0.9405123	-1.1689445	0.0
0.24891478	0.9121511	1.4008819	0.0
-0.3368514	1.7234924	2.0078654	0.0
-0.141596	1.0224307	1.1998678	0.0
-0.92261755	1.1492792	2.7173264	0.0
-1.3131284	7.7156315	4.0180054	0.0
-0.141596	0.2914385	0.5455868	0.0
-0.92261755	0.48221192	0.78207403	0.0
0.44417018	0.89616907	0.99097085	0.0
-0.3368514	0.8663954	1.2511067	0.0
-0.53210676	2.191373	2.5517857	0.0
-0.53210676	-0.73041654	-0.80238944	0.0
-0.141596	1.0224307	1.1998678	0.0
-0.3368514	0.8663954	1.2511067	0.0
-0.53210676	2.1976643	2.693678	0.0
-0.92261755	1.827461	3.0484083	0.0
-0.53210676	0.34318376	-0.07716246	0.0
-0.92261755	1.1492792	2.7173264	0.0
-0.92261755	1.2740375	2.066987	0.0
-0.92261755	1.3231137	1.980275	0.0
-0.72736216	1.1223878	1.1525705	0.0
-1.3131284	2.164755	2.3823032	0.0
-0.53210676	2.191373	2.5517857	0.0
0.24891478	0.49882916	0.9633808	0.0
-0.141596	0.06742264	0.26574394	0.0
-0.53210676	2.1976643	2.693678	0.0
0.24891478	0.49882916	0.9633808	0.0
-0.141596	-0.51992273	-1.1610615	0.0
-0.92261755	1.827461	3.0484083	0.0
-0.92261755	1.2740375	2.066987	0.0
-0.141596	-0.13364503	-0.4476588	0.0
-0.3368514	5.3352656	6.091209	0.0
-0.141596	3.18575	3.5568554	0.0
-0.3368514	1.7263864	1.8383828	0.0
0.053659383	1.6373509	1.8896219	0.0
-0.141596	7.0097365	8.014637	0.0
-0.53210676	5.20125	7.395829	0.0
-0.53210676	-0.063385345	-0.2466448	0.0
-0.72736216	3.2534814	3.5213828	0.0
-0.53210676	1.7237818	1.8344413	0.0
-0.72736216	1.5481787	1.621603	0.0
-1.3131284	4.7955856	6.808553	0.0
-1.3131284	4.7955856	6.808553	0.0
-1.3131284	0.9632773	1.2826383	0.0
-1.3131284	1.1047413	1.3181113	0.0
-1.3131284	0.9632773	1.2826383	0.0
-1.117873	0.93875736	1.2038091	0.0
-1.117873	1.1091951	1.1249802	0.0
-0.3368514	1.3805507	1.4402962	0.0
-1.117873	0.93875736	1.2038091	0.0
-1.3131284	1.0614777	1.4008819	0.0
-1.3131284	1.1786952	1.9369192	0.0
-1.3131284	1.3133459	2.1261086	0.0
-1.3131284	1.0614777	1.4008819	0.0
-0.92261755	1.0123173	1.3023455	0.0
-0.92261755	1.1562533	1.7398466	0.0
-0.53210676	0.9288005	1.0895071	0.0
-0.92261755	1.0123173	1.3023455	0.0
-0.3368514	0.91423744	0.90425897	0.0
-1.117873	2.0416286	2.204938	0.0
-0.92261755	0.9470016	1.4402962	0.0
-0.72736216	0.55819553	1.184102	0.0
-0.3368514	0.91423744	0.90425897	0.0
-0.92261755	1.0124419	1.0067366	0.0
-0.72736216	-0.45084882	-0.28605935	0.0
-0.72736216	0.458954	0.49434808	0.0
-0.53210676	1.2922506	1.7161977	0.0
-0.92261755	1.0124419	1.0067366	0.0
-0.72736216	0.31891304	0.07261273	0.0
-1.117873	1.2200173	2.0196896	0.0
-0.92261755	0.627161	0.652006	0.0
0.44417018	2.7864766	1.7319635	0.0
-1.117873	2.0416286	2.204938	0.0
-0.141596	1.4473294	0.9239661	0.0
-0.141596	1.2302474	0.6717133	0.0
-0.141596	1.7152761	1.2589897	0.0
-0.141596	5.303711	4.4830966	0.0
-0.141596	11.826744	0.6795962	0.0
-0.141596	14.027108	1.8659729	0.0
-1.3131284	7.7156315	4.0180054	0.0
0.44417018	2.8069367	0.52982104	0.0
-0.141596	1.06442	0.54164547	0.0
