-0.37420923
-0.1834882
1.0879853
0.13438016
-0.37420923
0.73833007
1.0879853
0.2615275
0.5793959
-0.024554022
-0.2788487
0.7065432
2.2005246
0.42046168
0.03901965
-0.3424224
0.22974066
1.2151326
0.42046168
0.102593325
0.07080649
-0.11991453
-0.21527503
1.533001
0.29331434
-0.37420923
0.35688803
0.03901965
0.16616699
0.102593325
-0.15170138
1.7555088
1.0879853
0.07080649
-0.1834882
0.16616699
-0.21527503
-0.1834882
-0.11991453
0.29331434
-0.40599605
-0.37420923
2.327672
0.8336906
-0.37420923
0.6747564
0.2615275
-0.088127695
0.35688803
1.4058536
0.0072328146
-0.088127695
1.6601483
0.6747564
-0.024554022
0.35688803
0.22974066
-0.37420923
-0.9781591
0.77011687
0.42046168
0.16616699
-0.3424224
0.35688803
1.2151326
3.7580795
0.6111827
-0.40599605
-0.37420923
-0.85101175
2.327672
0.54760903
1.8190825
0.5793959
-0.6285039
0.6111827
1.9780167
-0.9463723
0.16616699
0.0072328146
-0.43778288
2.2640982
0.19795384
1.1515589
-0.11991453
2.4230323
0.0072328146
1.6601483
-0.75565124
1.914443
1.533001
0.5158222
0.0
0.03901965
0.5158222
2.9634087
3.471998
0.29331434
0.16616699
0.6747564
0.13438016
0.03901965
0.16616699
-0.24706188
0.9290511
1.914443
-0.21527503
0.13438016
2.327672
0.16616699
5.029553
0.22974066
1.3422799
0.102593325
-0.6602908
-0.15170138
0.9608379
0.32510117
-0.56493026
1.0561985
0.64296955
0.9290511
0.13438016
-0.21527503
0.29331434
0.35688803
-0.37420923
-0.024554022
0.48403537
-0.05634086
1.0879853
0.5793959
0.8336906
-0.46956974
-0.31063554
-0.2788487
-0.05634086
-0.40599605
0.19795384
-0.24706188
-0.2788487
-0.43778288
0.35688803
0.22974066
0.8654774
0.6111827
-0.21527503
0.4522485
0.32510117
0.4522485
0.19795384
-0.24706188
-0.024554022
-0.5331434
-0.6920776
0.03901965
-0.6920776
0.9290511
0.32510117
0.13438016
-0.088127695
-0.24706188
0.77011687
0.32510117
1.1197721
0.32510117
0.19795384
-0.21527503
-0.24706188
-0.15170138
-0.37420923
0.8654774
0.8654774
-0.6285039
-0.43778288
0.03901965
-0.088127695
0.22974066
0.64296955
0.03901965
0.35688803
0.64296955
-0.7874381
-0.05634086
0.6747564
-0.43778288
0.19795384
0.99262476
1.3422799
1.3104931
1.3740668
4.0123744
0.2615275
1.723722
0.6747564
2.2323115
1.9462298
0.48403537
6.142092
0.32510117
1.5965747
2.1687376
1.5012141
1.4058536
0.89726424
2.0098035
-0.56493026
1.3104931
0.6111827
2.6137533
2.0098035
0.7065432
1.1197721
0.102593325
0.5158222
-0.05634086
0.42046168
2.5501797
1.1197721
0.77011687
1.5647879
1.0561985
0.32510117
-0.40599605
2.0098035
0.03901965
-0.5331434
0.102593325
-0.05634086
1.1833458
1.9462298
2.0098035
2.3912456
0.8336906
0.2615275
2.1687376
2.7726877
1.7872957
2.0733771
2.5819666
1.5647879
0.32510117
0.8019037
2.327672
0.42046168
0.73833007
-0.11991453
0.6111827
-1.1370933
0.102593325
-0.59671706
-0.46956974
-0.40599605
-1.1053065
-0.3424224
0.8019037
1.0561985
0.0072328146
-0.56493026
0.5158222
-0.05634086
0.6747564
-0.6602908
-0.2788487
-0.31063554
0.2615275
1.1515589
0.13438016
-0.43778288
-0.2788487
-0.6602908
-1.0417328
1.9462298
-0.9145855
-0.21527503
-1.1370933
-1.1688801
0.16616699
-0.46956974
-0.43778288
1.2469194
-0.50135654
-0.6602908
0.5158222
-0.85101175
0.07080649
0.13438016
0.7065432
-0.40599605
0.7065432
0.42046168
-0.37420923
-0.9463723
-0.2788487
-0.3424224
0.8336906
0.07080649
1.3104931
-0.2788487
0.9608379
0.5793959
-0.088127695
-0.3424224
-0.6602908
0.102593325
-1.009946
-0.088127695
-0.9463723
-0.088127695
0.13438016
-0.15170138
-0.2788487
0.32510117
0.19795384
-0.24706188
0.42046168
-0.05634086
-0.3424224
-0.2788487
0.29331434
-0.46956974
0.16616699
0.16616699
-0.15170138
0.42046168
-0.024554022
0.32510117
0.4522485
0.8654774
-0.15170138
0.102593325
0.22974066
0.5793959
0.6747564
0.19795384
0.102593325
0.5793959
-0.50135654
0.7065432
0.32510117
-0.11991453
0.0072328146
0.2615275
0.2615275
1.5012141
0.8019037
0.7065432
-0.05634086
0.22974066
0.9290511
0.19795384
0.35688803
-0.75565124
0.22974066
0.22974066
-0.3424224
0.38867486
-0.05634086
0.16616699
0.0072328146
0.6747564
0.07080649
0.07080649
-0.75565124
-0.024554022
-0.43778288
0.6111827
0.03901965
0.4522485
0.13438016
0.29331434
-0.024554022
0.48403537
1.1833458
-0.50135654
0.89726424
-0.1834882
0.102593325
0.0072328146
0.77011687
-0.024554022
0.29331434
-0.2788487
0.4522485
-0.24706188
-0.24706188
0.22974066
0.99262476
1.0879853
0.5158222
0.9290511
1.1197721
0.03901965
0.16616699
0.5793959
1.8508693
0.6747564
0.77011687
1.4376404
1.2469194
0.35688803
0.07080649
0.54760903
1.3740668
0.7065432
-0.088127695
0.16616699
0.19795384
0.7065432
-0.1834882
0.38867486
0.35688803
1.1515589
0.6747564
-0.31063554
0.19795384
1.4058536
1.2469194
0.5158222
-0.11991453
1.0561985
0.22974066
-0.3424224
0.4522485
-0.024554022
0.54760903
1.4058536
-0.15170138
0.16616699
0.64296955
0.42046168
1.0879853
1.0879853
1.0244116
0.48403537
0.6747564
-0.21527503
0.102593325
1.4376404
1.3740668
0.16616699
0.6747564
-0.15170138
0.89726424
-0.46956974
1.0244116
0.32510117
0.8019037
0.5158222
0.4522485
0.54760903
0.16616699
0.9608379
-0.088127695
0.4522485
-0.088127695
2.8362613
0.6747564
-0.2788487
0.7065432
0.7065432
0.42046168
-0.024554022
1.1515589
0.03901965
0.54760903
1.0879853
1.6283615
1.7872957
0.6111827
0.13438016
1.2787063
0.42046168
1.3422799
-0.11991453
0.2615275
0.8654774
0.13438016
0.32510117
0.102593325
1.4376404
0.54760903
1.6601483
0.2615275
0.6111827
1.2469194
0.03901965
0.2615275
0.16616699
1.1197721
0.29331434
1.5012141
0.54760903
0.9290511
-0.56493026
0.13438016
0.07080649
0.9608379
0.32510117
0.4522485
0.35688803
0.6111827
0.29331434
1.0879853
0.4522485
1.0879853
1.4058536
0.8019037
0.6747564
0.73833007
1.8190825
0.89726424
1.4058536
0.77011687
0.38867486
1.2151326
0.64296955
1.9462298
0.07080649
1.6919352
1.1833458
0.89726424
0.5158222
0.64296955
1.1833458
1.0244116
1.723722
0.54760903
1.1515589
2.1687376
0.22974066
0.8336906
0.29331434
0.32510117
0.64296955
2.2005246
0.7065432
0.8336906
0.5793959
1.6601483
0.19795384
0.8019037
1.1197721
1.3104931
1.0879853
0.6747564
0.07080649
-0.85101175
0.0
-0.24706188
-0.5331434
-0.59671706
2.1687376
-0.37420923
-0.7874381
1.3104931
-0.5331434
-0.3424224
0.4522485
0.77011687
-0.56493026
0.42046168
0.03901965
0.32510117
0.32510117
-0.6285039
-0.72386444
-0.1834882
1.4376404
0.0072328146
-0.1834882
-1.1053065
-0.59671706
0.42046168
-0.75565124
0.89726424
-0.6285039
-0.50135654
0.22974066
-0.72386444
0.54760903
-0.85101175
0.35688803
-1.1053065
-0.6285039
-0.72386444
-1.009946
-1.2642406
-0.05634086
-0.088127695
1.5965747
-0.6920776
-0.37420923
0.99262476
0.102593325
-0.50135654
1.2151326
0.2615275
0.73833007
-0.6920776
0.35688803
0.6111827
0.03901965
0.102593325
-0.24706188
0.38867486
0.48403537
0.48403537
-0.46956974
0.22974066
0.48403537
-0.11991453
-0.088127695
0.102593325
0.0072328146
-0.2788487
-0.1834882
0.5158222
-0.088127695
-0.50135654
0.29331434
-0.11991453
0.8019037
0.5793959
0.102593325
0.102593325
1.0879853
-0.05634086
0.07080649
0.77011687
-0.024554022
-0.21527503
0.13438016
-0.088127695
-0.15170138
0.35688803
0.29331434
-0.15170138
1.1197721
0.2615275
0.73833007
0.102593325
0.07080649
0.0072328146
0.6111827
0.6747564
0.07080649
-0.11991453
-0.1834882
-0.15170138
0.29331434
-0.5331434
0.5793959
0.4522485
0.22974066
0.54760903
0.07080649
0.6111827
0.48403537
-0.3424224
-0.11991453
-0.43778288
0.99262476
-0.11991453
-0.31063554
0.64296955
0.102593325
0.8019037
-0.37420923
-0.1834882
0.16616699
1.0561985
0.38867486
0.102593325
-0.024554022
-0.024554022
0.4522485
0.32510117
-0.2788487
-0.05634086
0.19795384
0.16616699
0.0072328146
0.29331434
-0.1834882
0.89726424
0.38867486
-0.05634086
-0.31063554
-0.56493026
-0.11991453
-0.15170138
0.22974066
0.54760903
0.16616699
0.77011687
-0.6602908
-0.3424224
0.102593325
-0.5331434
-0.1834882
1.0561985
-0.6285039
-0.024554022
-0.21527503
0.16616699
-0.088127695
0.5793959
-0.024554022
0.8019037
-0.6602908
0.2615275
0.0072328146
0.07080649
0.42046168
-0.75565124
0.2615275
0.9608379
-0.31063554
0.102593325
0.4522485
0.102593325
-0.40599605
0.5158222
0.77011687
-0.8827986
-0.24706188
-0.11991453
-0.56493026
0.64296955
0.32510117
0.22974066
-0.1834882
0.0072328146
-0.05634086
0.13438016
0.7065432
-0.3424224
-0.31063554
-0.11991453
-0.31063554
0.32510117
0.54760903
0.9290511
0.6111827
0.35688803
0.03901965
-0.31063554
0.5158222
-0.24706188
0.03901965
0.102593325
0.48403537
0.16616699
0.2615275
0.8654774
0.8654774
0.6747564
0.102593325
-0.21527503
-0.15170138
-0.40599605
-0.21527503
0.5793959
0.48403537
0.29331434
0.13438016
0.4522485
0.7065432
0.102593325
-0.2788487
0.8019037
-0.24706188
0.38867486
-0.11991453
-0.3424224
-0.088127695
0.0072328146
-0.11991453
1.0561985
0.5793959
0.13438016
-0.21527503
-0.40599605
0.42046168
0.5793959
-0.2788487
-0.088127695
-0.024554022
-1.1688801
-1.2960275
-0.5331434
-0.50135654
-1.0417328
-0.8827986
-0.85101175
-1.200667
-1.3596011
-1.0417328
-1.2324538
-1.1370933
-0.81922495
-1.3913879
-0.9145855
-1.1370933
-0.7874381
-1.200667
-0.9145855
-0.6602908
-0.9781591
-0.75565124
-0.6285039
-1.1370933
-1.3278143
-0.72386444
-1.1688801
-1.1370933
-0.6285039
-0.7874381
-1.1370933
-1.1370933
-0.85101175
-0.59671706
-1.1370933
-0.9463723
-0.9781591
-1.1053065
-0.7874381
-0.37420923
-1.1053065
-0.8827986
-0.9781591
-0.6920776
-1.1053065
-1.2324538
-1.2960275
-1.1370933
-0.81922495
-0.6920776
-0.8827986
-1.3913879
-0.8827986
-0.81922495
-1.3278143
-0.2788487
-0.9145855
-0.81922495
-1.0417328
-1.6138959
-0.7874381
-0.9145855
-1.0417328
-0.5331434
-1.1053065
-1.1053065
-0.5331434
-0.72386444
-0.9463723
-0.75565124
-1.3596011
-1.2642406
-0.85101175
-1.200667
-1.2642406
-1.2960275
-0.9145855
-0.9463723
-1.009946
-1.1688801
-1.2324538
-0.75565124
-1.3596011
-1.4549617
-1.4231749
-0.6602908
-1.2642406
-0.9463723
-0.72386444
-0.37420923
-1.0417328
-1.2324538
-0.85101175
-0.56493026
-0.8827986
-1.1053065
-0.9145855
-0.81922495
-0.85101175
-0.2788487
-0.50135654
-0.11991453
-1.3278143
-1.1370933
-0.11991453
-0.85101175
-0.59671706
-0.8827986
-0.50135654
-0.088127695
-1.4231749
-1.4549617
-0.9145855
-0.9781591
-0.3424224
-1.3278143
-0.59671706
-0.46956974
-1.1688801
-0.6602908
-0.56493026
-0.9463723
-1.2960275
-0.40599605
-1.4867485
-1.4549617
-1.1370933
-1.3278143
-0.24706188
0.19795384
-1.6138959
-1.4867485
-1.3278143
-1.582109
-1.582109
-0.7874381
-1.7092564
-1.200667
-0.85101175
-1.4867485
-1.4867485
-0.7874381
-0.6285039
-1.200667
-1.1053065
-1.2960275
-0.6285039
-1.3596011
-0.024554022
-1.1053065
-0.5331434
-1.009946
0.5793959
-1.6138959
-0.72386444
-1.2642406
-0.9463723
-1.2324538
-1.4867485
-0.56493026
-1.6138959
-0.11991453
-0.6285039
-1.3913879
-1.4231749
0.22974066
-1.5185354
-1.582109
-0.24706188
-1.200667
-0.85101175
-1.2642406
-1.1370933
-1.0735196
-1.1370933
-1.7092564
-0.81922495
-1.3596011
-1.1370933
-1.1688801
-1.1053065
-1.0735196
-1.2642406
-0.72386444
-1.582109
-0.37420923
-1.2642406
-0.59671706
-1.6774695
-1.3596011
-1.3278143
-1.1053065
-1.4549617
-1.4549617
-0.5331434
-1.4549617
-1.200667
-0.85101175
-1.2324538
-1.2324538
-0.8827986
0.5793959
-0.59671706
0.102593325
0.4522485
-0.024554022
-0.37420923
0.32510117
-0.05634086
0.73833007
1.2151326
-0.40599605
-0.24706188
0.38867486
0.29331434
0.42046168
2.0415905
0.5158222
0.0072328146
0.29331434
0.07080649
-0.31063554
-0.37420923
-0.024554022
0.6747564
1.4058536
0.102593325
0.38867486
0.0072328146
1.8826562
0.89726424
-0.11991453
0.8654774
-0.3424224
0.6111827
2.0098035
0.6111827
-0.72386444
0.29331434
1.1197721
-0.43778288
1.0244116
0.38867486
0.102593325
0.29331434
0.03901965
0.7065432
0.07080649
0.5793959
-0.2788487
0.03901965
1.914443
-0.05634086
0.07080649
-0.1834882
-0.24706188
0.0072328146
-0.11991453
1.1833458
-0.05634086
-0.43778288
0.6747564
-0.21527503
1.8190825
1.5012141
0.16616699
0.6747564
0.8019037
1.4376404
1.9780167
1.723722
1.1197721
0.7065432
0.5158222
-0.15170138
0.35688803
-0.024554022
1.6283615
-0.15170138
-0.43778288
2.8998349
0.2615275
0.0072328146
0.32510117
0.42046168
0.54760903
1.1197721
0.03901965
-0.024554022
-0.2788487
0.22974066
0.8019037
0.54760903
0.07080649
0.03901965
0.19795384
-0.6920776
-0.46956974
1.5012141
0.22974066
1.4058536
0.5158222
0.89726424
0.42046168
0.6747564
0.6747564
0.07080649
0.7065432
-0.50135654
-0.59671706
0.13438016
-0.3424224
0.48403537
-0.15170138
0.42046168
0.29331434
-0.088127695
-0.37420923
-0.1834882
1.5647879
-0.31063554
0.8336906
1.9462298
-0.85101175
-0.6602908
-0.024554022
-0.6285039
0.5158222
-0.15170138
-0.1834882
0.29331434
-0.72386444
-0.11991453
-0.37420923
0.19795384
-0.9145855
0.2615275
-0.21527503
0.22974066
0.29331434
-0.43778288
3.7898664
-0.1834882
-0.21527503
0.73833007
-0.05634086
-0.40599605
0.42046168
-0.40599605
-0.43778288
-0.50135654
-0.9781591
-0.8827986
-0.9463723
0.16616699
-0.5331434
1.2787063
1.5647879
0.2615275
-0.05634086
-0.11991453
-0.6920776
0.03901965
-0.3424224
-0.24706188
0.5158222
-0.3424224
-0.024554022
-0.46956974
1.2787063
0.64296955
0.38867486
0.07080649
-0.59671706
-0.1834882
-0.6920776
0.13438016
0.8654774
-0.8827986
0.07080649
-0.75565124
0.07080649
0.22974066
0.48403537
-0.37420923
1.7555088
-0.6285039
0.13438016
-0.11991453
0.38867486
-0.6602908
0.19795384
0.19795384
-0.2788487
-0.37420923
-0.24706188
0.5158222
-0.088127695
0.4522485
-0.46956974
0.6111827
0.07080649
0.7065432
-0.37420923
0.2615275
-0.6602908
-0.21527503
-0.56493026
-0.11991453
-0.6920776
0.07080649
-0.43778288
0.8654774
-0.6285039
0.07080649
-0.37420923
-0.9781591
-0.15170138
-0.9145855
-0.24706188
-0.56493026
-0.59671706
1.0244116
-0.2788487
-0.088127695
0.42046168
1.533001
0.6747564
0.13438016
-0.24706188
0.19795384
0.2615275
-0.31063554
-0.6285039
0.16616699
-0.72386444
-0.85101175
-0.088127695
-0.75565124
-0.3424224
-0.6285039
-0.2788487
1.4694273
1.2151326
-0.21527503
0.5158222
1.0879853
1.5012141
1.914443
-0.40599605
0.19795384
0.77011687
0.29331434
0.2615275
0.102593325
0.102593325
0.8654774
1.1833458
0.6111827
1.1833458
-0.6285039
1.1833458
0.5793959
0.102593325
-0.37420923
1.2151326
0.6111827
1.1833458
0.9608379
0.07080649
0.29331434
0.35688803
0.29331434
0.0072328146
-0.088127695
0.13438016
0.99262476
0.4522485
-0.21527503
0.13438016
-0.2788487
1.0244116
-0.40599605
1.4694273
1.5965747
1.1197721
-0.024554022
0.102593325
-0.05634086
0.89726424
1.2787063
0.54760903
0.8654774
0.0072328146
0.5158222
0.64296955
-0.024554022
-0.088127695
0.5158222
-0.11991453
0.6747564
2.5819666
0.6111827
0.35688803
0.03901965
1.4376404
1.0561985
1.6919352
0.6111827
2.3912456
0.8336906
-0.46956974
2.0415905
1.6919352
0.35688803
1.1833458
0.2615275
0.77011687
1.4376404
0.48403537
0.8019037
0.77011687
-0.6602908
1.1515589
0.9290511
0.0072328146
-0.6920776
-0.72386444
-0.3424224
-0.5331434
-0.9145855
-1.0417328
-0.7874381
-0.37420923
-1.0417328
0.2615275
-0.8827986
-0.46956974
-1.0417328
0.77011687
-0.59671706
-0.50135654
-0.11991453
-0.9145855
-0.9781591
-0.9781591
-0.72386444
-0.81922495
-0.72386444
-0.9145855
-0.6285039
-0.9145855
-0.72386444
-0.024554022
-0.3424224
-0.088127695
-1.1370933
0.29331434
-0.9145855
-0.72386444
-0.024554022
-0.9781591
-0.6602908
-0.6285039
-0.50135654
-1.0735196
-1.1688801
-0.40599605
-0.37420923
-0.11991453
-0.7874381
-0.46956974
0.07080649
-0.31063554
-0.9781591
-0.9145855
-1.1053065
-1.200667
-0.6920776
-1.1688801
-0.7874381
-0.46956974
-0.1834882
-0.9781591
-0.59671706
-1.0735196
-0.75565124
-0.2788487
-0.81922495
-0.40599605
-0.72386444
-1.4231749
-1.0735196
-0.50135654
-0.9781591
-0.59671706
-0.6602908
-0.85101175
-0.85101175
-1.2324538
-0.59671706
-0.72386444
-0.9781591
-0.9145855
-0.088127695
-0.72386444
-0.9463723
-0.7874381
-1.0735196
-1.009946
-0.6920776
-0.9781591
0.5793959
0.19795384
0.6111827
0.54760903
0.8019037
0.8019037
0.07080649
0.9290511
0.6747564
0.32510117
2.327672
0.8654774
1.914443
1.4376404
0.9290511
0.13438016
-0.50135654
0.29331434
0.54760903
0.6747564
0.99262476
0.35688803
0.13438016
0.03901965
0.22974066
2.6773272
3.471998
3.0269823
0.102593325
0.4522485
0.6747564
2.9634087
1.533001
-0.15170138
1.5965747
-0.11991453
-0.50135654
0.29331434
0.7065432
0.35688803
0.07080649
1.8826562
0.16616699
0.32510117
-0.59671706
0.6747564
0.89726424
0.9608379
1.1515589
0.102593325
-0.024554022
1.5965747
0.102593325
1.2787063
0.03901965
1.0879853
0.77011687
-0.088127695
0.16616699
1.8508693
-0.75565124
-0.15170138
1.7555088
0.03901965
-0.24706188
0.7065432
2.0098035
1.0244116
0.35688803
0.64296955
0.7065432
1.3422799
-0.024554022
0.99262476
0.29331434
2.0415905
0.9608379
0.32510117
1.3422799
1.0879853
0.64296955
0.99262476
-0.3424224
-0.8827986
-0.5331434
-0.50135654
-0.31063554
-0.21527503
0.03901965
0.32510117
-0.3424224
-1.1370933
-0.56493026
0.03901965
-0.3424224
-0.59671706
0.48403537
-0.81922495
0.07080649
0.4522485
-0.43778288
-0.21527503
-0.50135654
-0.72386444
0.0072328146
-0.6285039
-0.3424224
-0.9145855
-0.2788487
0.22974066
-0.1834882
0.32510117
-0.37420923
-0.6920776
0.03901965
0.54760903
0.73833007
-0.05634086
-0.31063554
-0.8827986
-0.6920776
-0.5331434
-0.24706188
-0.088127695
1.2469194
-0.9145855
-0.40599605
0.0072328146
1.0561985
-0.088127695
-0.6920776
-0.2788487
-0.11991453
-0.7874381
0.35688803
-0.31063554
-0.50135654
-0.81922495
0.07080649
0.35688803
-0.59671706
-0.43778288
-0.43778288
0.07080649
-0.2788487
-0.6285039
-0.9145855
0.29331434
-0.05634086
-0.46956974
-0.11991453
-0.05634086
0.5793959
0.0072328146
-0.59671706
-0.7874381
-0.05634086
-0.9781591
0.6747564
0.48403537
-0.9463723
-0.31063554
-0.31063554
-0.40599605
-0.81922495
-0.11991453
0.0072328146
-0.6920776
-0.5331434
0.19795384
0.03901965
0.89726424
0.77011687
-0.7874381
-0.05634086
-0.24706188
0.2615275
-0.50135654
-0.46956974
-0.21527503
-0.9781591
-0.3424224
0.9290511
-0.6602908
0.19795384
0.9608379
-0.40599605
1.0244116
0.03901965
-0.6920776
-0.1834882
0.8019037
0.29331434
-0.31063554
-1.2324538
0.102593325
0.13438016
-0.85101175
1.2787063
-0.5331434
-0.1834882
-1.0735196
-1.5503222
-0.7874381
-1.3278143
-1.4231749
-1.5503222
-1.5185354
-0.7874381
-1.8999773
-0.85101175
0.29331434
-0.9463723
-1.582109
0.5793959
-1.1053065
0.0072328146
-0.72386444
-0.81922495
-0.9145855
-0.11991453
-1.009946
-1.2324538
1.4058536
-1.6456827
-0.59671706
-0.81922495
0.89726424
-0.6920776
-0.85101175
-0.3424224
-1.200667
-0.6602908
-1.009946
-1.3913879
-0.50135654
-1.200667
-0.15170138
-1.6774695
-0.46956974
-0.40599605
1.0879853
-1.6138959
-0.6285039
-1.1370933
-1.3278143
-1.009946
-1.2324538
-0.9781591
-1.2324538
-0.56493026
-1.5503222
-1.1053065
-1.3596011
-1.5185354
-0.50135654
-1.1053065
-0.8827986
-1.582109
-1.2960275
-1.3278143
-1.2642406
-1.5185354
-1.0735196
-1.5185354
-1.1053065
-1.6456827
-1.8046169
-1.6456827
-1.6774695
-1.3913879
-1.4549617
-1.582109
-1.6456827
-0.72386444
-1.4231749
-1.1688801
-1.5185354
-1.2642406
-1.1370933
-1.1370933
-1.6138959
-1.5185354
-1.4231749
-1.5503222
-1.4549617
-0.9781591
-1.5503222
-1.6138959
-1.6138959
-1.4867485
-1.4231749
-1.2960275
-1.5185354
-1.5503222
-1.6138959
-1.2642406
-1.5503222
-1.1053065
-1.4231749
-1.3596011
-1.200667
-1.6456827
-1.3913879
-1.582109
-1.5185354
-1.4867485
-1.4231749
-1.3278143
-1.5503222
-1.3596011
-1.4231749
-1.3913879
-1.3913879
-1.5503222
-1.5185354
-1.0417328
-1.4549617
-1.1370933
-1.5185354
-1.7092564
-1.6138959
-1.5185354
-1.3913879
-1.582109
-1.5185354
-0.9463723
-1.77283
-1.200667
-1.3278143
-1.2324538
-1.0735196
-1.4549617
-1.4231749
-1.3596011
-1.4231749
-1.4549617
-1.582109
-1.2960275
0.19795384
-1.4549617
-1.3596011
-1.5503222
-1.3913879
-1.4867485
-1.3913879
0.9290511
1.0244116
1.0879853
-0.56493026
-0.37420923
-0.6285039
-0.46956974
-0.21527503
0.77011687
2.136951
1.7555088
2.0415905
0.5158222
1.6601483
0.9290511
-0.11991453
1.1515589
-0.85101175
-0.8827986
-0.9463723
-0.21527503
-1.1688801
-0.72386444
-1.009946
-0.72386444
-0.85101175
-1.1370933
1.4694273
-0.11991453
0.19795384
0.8336906
2.327672
1.5965747
0.8336906
0.64296955
0.2615275
-0.40599605
0.07080649
0.16616699
0.19795384
-0.31063554
0.8019037
0.9608379
1.1833458
-0.21527503
0.29331434
0.4522485
0.19795384
-0.40599605
0.4522485
-0.50135654
0.16616699
-0.088127695
-0.9781591
-1.200667
-0.24706188
-1.0735196
-0.43778288
0.6111827
-0.50135654
-0.21527503
-1.0735196
-0.50135654
-1.3278143
3.7898664
0.48403537
0.9290511
-0.50135654
0.0072328146
0.38867486
-0.7874381
-0.088127695
-0.31063554
0.2615275
-0.72386444
0.54760903
-0.3424224
0.77011687
0.8019037
-1.1688801
0.19795384
-0.31063554
0.102593325
1.3740668
0.19795384
0.38867486
0.07080649
0.13438016
0.102593325
0.16616699
0.42046168
-0.3424224
0.16616699
0.19795384
-0.088127695
0.07080649
0.48403537
0.48403537
0.9290511
-0.05634086
0.5793959
0.8336906
0.22974066
0.5793959
0.54760903
0.6111827
-0.088127695
0.13438016
-0.05634086
0.73833007
-0.3424224
-0.024554022
0.38867486
0.03901965
-0.05634086
-0.24706188
-0.05634086
0.5158222
0.9290511
-0.05634086
-0.2788487
0.07080649
-0.11991453
0.4522485
-0.24706188
0.6747564
-0.40599605
-0.11991453
0.35688803
0.42046168
-0.024554022
0.38867486
-0.088127695
0.32510117
-0.05634086
-0.6285039
0.07080649
0.35688803
0.07080649
0.16616699
-0.24706188
0.2615275
-0.088127695
0.13438016
0.48403537
0.73833007
0.89726424
0.73833007
0.8019037
0.8019037
1.0561985
1.4694273
0.99262476
-0.2788487
0.54760903
0.29331434
1.1197721
-0.05634086
0.2615275
0.8019037
0.64296955
-0.088127695
0.9290511
0.89726424
0.73833007
0.9290511
1.3422799
0.4522485
0.77011687
0.13438016
1.3740668
0.5158222
0.32510117
0.32510117
-0.21527503
1.9780167
0.2615275
0.5158222
0.77011687
-0.11991453
3.0587692
-0.024554022
0.16616699
0.4522485
1.723722
0.8019037
0.32510117
-0.1834882
0.8654774
0.8336906
1.6919352
0.5793959
0.8019037
0.102593325
0.5793959
1.0561985
0.54760903
0.48403537
0.8654774
0.8019037
0.54760903
1.2469194
0.19795384
1.3104931
0.8019037
0.22974066
1.0879853
0.16616699
1.0879853
-0.024554022
-0.6285039
0.29331434
0.6111827
0.73833007
0.73833007
0.9290511
0.32510117
0.13438016
0.5793959
1.6919352
1.6283615
1.0244116
0.89726424
1.6283615
0.38867486
2.8998349
0.5793959
0.38867486
0.48403537
2.105164
0.19795384
1.7555088
-0.05634086
1.723722
-0.31063554
1.3740668
2.295885
-0.21527503
0.13438016
0.73833007
1.5647879
0.35688803
0.8336906
-1.6456827
-1.4867485
-0.3424224
-1.4867485
-1.4867485
-1.9953378
-1.9317642
-1.6774695
-1.6456827
-1.5503222
-1.7092564
-2.0906985
-2.0589116
-0.9463723
-0.85101175
-1.582109
-1.8046169
-1.4867485
-1.5503222
-1.7092564
-1.7092564
-0.9463723
-1.77283
-1.582109
-1.200667
-1.5503222
-2.0906985
-1.1688801
-0.8827986
-1.4231749
-2.0589116
-1.2642406
-0.43778288
-0.5331434
-1.200667
-1.2642406
-1.6138959
-1.8364037
-1.4231749
0.77011687
-1.7092564
-1.3913879
-0.9145855
-1.8999773
-1.9953378
-1.7092564
-1.4867485
-1.5185354
-1.5503222
-1.009946
-1.7092564
-1.2960275
-2.2178457
1.4376404
-0.11991453
-0.024554022
0.42046168
0.13438016
-0.59671706
0.03901965
0.6111827
-0.11991453
-0.05634086
-0.21527503
-0.088127695
-0.21527503
0.8336906
0.03901965
0.64296955
0.32510117
-0.40599605
-0.2788487
-0.11991453
-0.9145855
-0.024554022
-0.46956974
0.07080649
-0.5331434
-0.11991453
0.5158222
-0.8827986
-0.37420923
0.29331434
-0.21527503
-0.5331434
-0.1834882
0.13438016
0.19795384
0.73833007
0.07080649
-0.9463723
0.5793959
0.7065432
0.89726424
-0.3424224
-0.6920776
0.13438016
-0.40599605
-0.31063554
-0.31063554
0.07080649
-0.5331434
0.07080649
-0.05634086
-0.81922495
1.1197721
-0.9463723
-0.24706188
0.102593325
0.03901965
0.5793959
0.0072328146
0.35688803
0.9290511
0.4522485
-0.11991453
0.54760903
-0.21527503
1.5647879
-0.24706188
-0.11991453
-0.72386444
0.19795384
0.102593325
-0.1834882
1.0244116
-0.024554022
-0.24706188
-0.1834882
-0.1834882
0.29331434
-0.21527503
-0.75565124
-0.1834882
0.8654774
-0.50135654
0.19795384
-0.6285039
-0.05634086
-0.37420923
-0.40599605
0.32510117
-1.6774695
-0.40599605
-1.6138959
-1.6138959
-1.3278143
-0.85101175
-0.6602908
-1.3278143
-0.81922495
-0.3424224
0.13438016
-1.5185354
-1.2642406
-0.31063554
-0.6920776
-0.7874381
-0.7874381
-0.6602908
-1.4231749
-0.46956974
-1.5503222
-1.6774695
-1.2642406
-0.9781591
-1.0417328
-1.4867485
-0.8827986
-1.0735196
-1.5503222
0.2615275
-0.024554022
-0.9463723
-1.009946
-0.088127695
-0.31063554
-1.5185354
-1.0735196
0.13438016
0.16616699
-0.9781591
-1.1688801
-1.2324538
-1.2324538
0.4522485
0.6747564
-1.4549617
-0.72386444
-0.6285039
-1.1053065
-0.43778288
-1.1688801
-0.40599605
-0.15170138
-1.0417328
-0.05634086
-0.72386444
-0.05634086
-0.46956974
-1.0735196
-0.3424224
-0.9463723
-0.8827986
-0.2788487
-1.6774695
-0.9781591
-0.088127695
0.07080649
-1.009946
-1.2324538
-1.0417328
-0.9145855
-0.9145855
-1.0417328
-1.2960275
-1.6774695
-1.4549617
0.8019037
-0.6602908
-0.024554022
0.19795384
0.8336906
0.9608379
1.7555088
1.1833458
1.0244116
1.2151326
0.64296955
1.8826562
1.1833458
-0.24706188
0.9608379
1.1833458
1.3104931
1.1515589
1.5647879
0.2615275
0.5793959
0.8336906
0.42046168
0.6111827
0.0072328146
-0.15170138
0.2615275
0.8336906
0.5158222
0.32510117
0.42046168
1.0879853
0.102593325
-0.31063554
-0.37420923
0.13438016
-0.5331434
-0.3424224
-0.024554022
-0.1834882
0.16616699
-0.11991453
-0.21527503
-0.37420923
-0.2788487
-0.5331434
0.22974066
0.7065432
0.6111827
-0.81922495
-0.7874381
0.29331434
0.42046168
0.22974066
0.07080649
-0.15170138
-0.59671706
-0.21527503
-0.11991453
-0.3424224
-0.088127695
0.5793959
0.54760903
-0.3424224
0.35688803
-0.24706188
0.5793959
0.0072328146
0.07080649
-0.24706188
0.22974066
-0.50135654
-0.05634086
-0.43778288
0.13438016
0.54760903
-0.05634086
0.102593325
-0.15170138
0.19795384
0.54760903
-0.5331434
-0.72386444
0.0072328146
0.32510117
-0.24706188
0.89726424
0.64296955
0.32510117
0.5158222
-0.15170138
0.2615275
-0.088127695
-0.15170138
-0.15170138
-0.5331434
-0.11991453
-0.40599605
-0.2788487
-0.024554022
-0.21527503
0.2615275
-0.21527503
0.29331434
0.5793959
0.38867486
0.89726424
0.5158222
0.8019037
0.16616699
2.8044744
0.2615275
2.4866061
1.8508693
-0.15170138
0.102593325
0.99262476
-0.2788487
1.5012141
2.136951
1.0561985
1.5012141
1.2787063
0.9608379
1.914443
-0.088127695
0.42046168
1.5647879
0.5158222
1.2469194
-0.21527503
0.64296955
0.99262476
0.73833007
0.13438016
0.4522485
1.0244116
0.7065432
1.914443
-0.3424224
1.1833458
2.4866061
3.0269823
0.22974066
0.22974066
1.9780167
0.29331434
0.03901965
0.13438016
0.42046168
0.8336906
1.7555088
2.4548192
0.38867486
-1.6138959
-1.4549617
-0.40599605
-1.3278143
-1.3278143
-1.4231749
-1.4231749
0.5158222
-1.0735196
-1.4231749
-0.9781591
-1.200667
-1.3596011
-1.3278143
-0.024554022
-0.85101175
-1.5185354
-0.72386444
-0.6920776
2.5183928
-1.4867485
-1.6138959
-0.75565124
-1.2960275
-1.1688801
-1.1688801
-1.5503222
-1.3278143
-1.582109
-1.1053065
-1.3913879
-1.5185354
-1.4549617
-1.4549617
-0.3424224
-1.582109
-1.3596011
-1.4231749
-1.2324538
-1.1370933
-1.5503222
-0.6920776
-1.3596011
-1.1053065
-1.0417328
-1.1688801
-0.088127695
-1.3913879
-1.2960275
-0.81922495
-1.1688801
-1.2960275
-1.2960275
-0.75565124
-1.4549617
0.0
-1.2642406
-1.6138959
-1.582109
0.5158222
-1.3913879
-1.4549617
-1.0417328
-0.59671706
-1.3913879
-0.37420923
-0.05634086
0.54760903
0.54760903
0.73833007
-0.31063554
-0.21527503
0.9608379
0.13438016
0.89726424
0.2615275
-0.2788487
-0.088127695
0.5793959
0.6111827
1.0879853
0.03901965
0.35688803
0.29331434
-0.59671706
0.7065432
0.48403537
0.07080649
0.9290511
0.13438016
0.5158222
-0.088127695
0.7065432
0.102593325
0.7065432
0.6747564
0.64296955
0.42046168
-0.37420923
1.1833458
0.89726424
0.64296955
0.22974066
1.0879853
0.5158222
0.42046168
0.2615275
0.99262476
0.4522485
0.77011687
0.42046168
0.4522485
-0.6285039
0.73833007
0.89726424
0.4522485
0.8654774
-0.6285039
-0.15170138
0.32510117
0.7065432
0.07080649
0.0072328146
0.32510117
0.42046168
-0.088127695
0.7065432
0.5793959
-0.15170138
-0.72386444
0.6747564
1.6919352
0.2615275
0.54760903
0.42046168
0.54760903
-0.024554022
0.6747564
0.16616699
-0.3424224
-0.50135654
2.3594587
0.102593325
0.19795384
0.16616699
0.03901965
0.9290511
-0.1834882
-0.50135654
0.2615275
0.16616699
0.7065432
0.42046168
1.0879853
0.22974066
-0.31063554
0.4522485
0.89726424
0.54760903
-0.9781591
-0.5331434
-0.56493026
-1.2960275
-0.37420923
-0.3424224
-0.81922495
-1.1370933
-0.43778288
-0.5331434
-0.37420923
-0.46956974
-0.43778288
-0.9463723
-0.3424224
-0.21527503
-0.56493026
-0.9145855
-1.200667
-0.2788487
-0.21527503
-0.43778288
-0.8827986
-0.9463723
-0.85101175
0.19795384
-0.40599605
-0.56493026
-0.6602908
-0.2788487
-0.24706188
-0.6285039
0.7065432
-0.024554022
-1.1053065
0.35688803
-1.1688801
-0.024554022
-0.2788487
-1.1688801
-0.7874381
-0.1834882
-0.9463723
-0.1834882
-0.6920776
-0.9781591
-0.5331434
-0.6602908
-0.5331434
-1.2324538
-0.9781591
-0.21527503
-0.1834882
-1.009946
-0.9781591
-0.2788487
-0.6285039
-1.3913879
-0.31063554
-0.5331434
-1.0735196
-0.43778288
-0.75565124
-1.0417328
0.8336906
-0.72386444
-0.6920776
-0.3424224
-0.43778288
-1.1053065
-0.5331434
-0.40599605
0.13438016
-0.7874381
-0.24706188
-0.31063554
-1.0417328
-0.85101175
-0.5331434
-0.72386444
-0.6602908
-0.21527503
-0.43778288
-0.9781591
-1.2324538
-0.15170138
-0.9781591
-1.0735196
-1.2642406
-0.81922495
-0.9463723
-0.7874381
-0.40599605
-0.59671706
-0.5331434
-0.75565124
-0.37420923
-0.11991453
-0.72386444
-1.4867485
-0.6920776
0.102593325
-0.46956974
-0.21527503
-1.5185354
-0.8827986
-0.72386444
-1.6456827
-0.15170138
0.8019037
-0.37420923
-0.8827986
-0.50135654
-0.50135654
-0.31063554
-0.7874381
-0.1834882
0.07080649
-0.50135654
-1.1053065
-0.72386444
-0.9463723
0.8019037
-1.009946
0.9608379
-0.46956974
-0.59671706
-0.46956974
-0.2788487
-0.6285039
-0.3424224
-0.85101175
-0.9463723
-1.2960275
-0.72386444
-1.009946
-1.1370933
0.22974066
-0.37420923
-0.9145855
0.35688803
-0.024554022
-0.31063554
-1.1688801
-1.0417328
-0.85101175
-0.21527503
0.48403537
-0.37420923
-1.3278143
-1.1053065
-0.40599605
-0.6602908
-0.8827986
-0.6602908
-0.85101175
-0.46956974
-1.8046169
-0.31063554
0.32510117
-1.1370933
-0.9145855
0.64296955
1.4058536
-0.46956974
-0.56493026
-1.3278143
0.16616699
-0.85101175
-0.6602908
-0.85101175
-0.6920776
-1.200667
0.5158222
-0.6920776
-0.46956974
-0.24706188
0.9608379
-0.6920776
-0.46956974
-1.3278143
-1.200667
0.77011687
-0.43778288
-0.37420923
-0.6920776
-1.2642406
-0.9463723
-0.024554022
-0.8827986
1.6601483
-0.3424224
-1.1688801
-1.4867485
0.42046168
0.8336906
-0.40599605
-0.6602908
-0.9463723
-0.024554022
-0.59671706
-0.81922495
-0.56493026
2.0733771
1.2787063
0.03901965
-0.15170138
-0.59671706
-1.2960275
-1.1370933
-1.4549617
-0.24706188
-1.2324538
-0.3424224
-0.46956974
2.0415905
-0.6920776
-1.4549617
-1.1688801
-1.0735196
-0.6920776
-0.50135654
-0.75565124
-1.0735196
-0.50135654
-0.8827986
-0.1834882
-0.8827986
-0.81922495
0.03901965
0.8336906
-0.43778288
-1.2960275
-0.05634086
-0.15170138
-0.37420923
-0.7874381
-0.37420923
-0.3424224
-1.0417328
-0.7874381
-0.50135654
-0.40599605
-1.1688801
-0.6285039
-0.6602908
2.4548192
-0.72386444
-0.81922495
-0.7874381
-0.50135654
-0.05634086
-1.2960275
-0.75565124
-0.56493026
1.723722
-0.6285039
-0.72386444
-1.1370933
-0.3424224
-0.9781591
-1.009946
-1.0735196
-0.2788487
0.4522485
0.102593325
-0.40599605
-0.6285039
-0.46956974
-1.0735196
-1.009946
0.07080649
-0.8827986
-0.8827986
0.22974066
-0.5331434
-0.6285039
-1.009946
-0.6602908
-1.1688801
-0.9781591
-0.72386444
-0.37420923
0.8654774
-0.56493026
-1.1370933
-0.6920776
-0.59671706
-1.3596011
-0.024554022
-1.1370933
-0.85101175
-0.5331434
-1.0735196
-0.11991453
-0.59671706
-1.0735196
-0.9145855
-1.0735196
-0.05634086
-0.9145855
-0.31063554
-0.50135654
-0.43778288
-0.21527503
-1.4549617
-0.72386444
-0.72386444
-0.6602908
-0.3424224
-0.81922495
0.64296955
0.32510117
0.13438016
-0.50135654
-0.088127695
0.13438016
-0.088127695
0.19795384
-0.6285039
-0.9145855
-0.3424224
-0.75565124
-0.31063554
0.8336906
-0.15170138
-0.24706188
-1.1370933
-0.9463723
-0.75565124
-0.8827986
-0.46956974
-0.72386444
-0.24706188
-0.7874381
-0.7874381
0.48403537
-0.7874381
0.16616699
0.4522485
-0.81922495
-0.6602908
0.8019037
-1.009946
-0.56493026
-0.75565124
-0.46956974
-0.50135654
-0.56493026
-0.024554022
0.07080649
-1.1688801
-0.59671706
-0.15170138
-1.0417328
-0.75565124
0.42046168
-0.6285039
-0.6920776
-0.72386444
-0.7874381
0.38867486
0.03901965
-0.5331434
-0.43778288
0.6747564
0.32510117
-0.088127695
-0.7874381
0.13438016
-0.21527503
-0.8827986
-0.21527503
-0.85101175
-0.5331434
-0.9145855
-0.6285039
-0.75565124
0.19795384
-0.1834882
-0.5331434
0.48403537
-0.56493026
-0.6285039
-0.72386444
-0.088127695
0.5158222
0.07080649
-0.43778288
-0.43778288
-0.24706188
0.2615275
-0.11991453
-0.72386444
-1.2642406
0.0
-0.24706188
-0.05634086
-0.9463723
-0.5331434
-0.3424224
0.29331434
0.7065432
0.8019037
-1.200667
-1.2960275
0.6111827
-0.31063554
0.2615275
0.03901965
-0.21527503
0.64296955
0.22974066
-0.1834882
-0.7874381
-0.8827986
1.5012141
-0.1834882
-0.15170138
-0.11991453
1.2469194
-0.85101175
0.22974066
-0.05634086
-0.1834882
-0.2788487
-0.6920776
-0.5331434
-0.3424224
-0.75565124
-0.3424224
0.07080649
-0.43778288
0.32510117
-0.088127695
0.38867486
-0.024554022
0.77011687
0.42046168
0.07080649
0.8336906
0.32510117
2.4230323
0.5158222
-0.15170138
0.4522485
1.5647879
0.0072328146
0.6111827
-0.56493026
-0.05634086
0.22974066
0.6747564
1.2469194
-0.24706188
0.89726424
0.4522485
1.2469194
1.5012141
0.38867486
-0.5331434
0.5158222
0.8019037
-0.1834882
0.32510117
1.1833458
0.102593325
1.4694273
-0.1834882
0.0072328146
-0.46956974
0.8019037
0.07080649
-0.43778288
0.73833007
0.8654774
0.19795384
-0.50135654
0.9608379
1.2469194
-0.56493026
0.19795384
-0.088127695
0.22974066
-0.024554022
-0.05634086
0.38867486
0.8019037
-0.50135654
0.13438016
-0.85101175
-0.46956974
-0.3424224
0.7065432
0.5158222
1.2787063
-0.5331434
0.0072328146
0.5793959
0.102593325
0.13438016
0.5158222
-0.9145855
-0.2788487
-0.24706188
0.38867486
-0.5331434
-0.40599605
0.19795384
0.6747564
-0.31063554
-0.5331434
-0.24706188
0.19795384
-0.21527503
1.0561985
0.2615275
-0.40599605
0.0072328146
0.35688803
-0.088127695
-0.15170138
0.8336906
0.42046168
0.9290511
-0.24706188
0.35688803
0.89726424
0.38867486
-0.05634086
0.8654774
-0.46956974
-0.56493026
0.29331434
-0.8827986
-0.40599605
-0.21527503
-0.2788487
0.13438016
-1.009946
-0.2788487
0.7065432
-0.37420923
-0.46956974
-0.72386444
0.07080649
-0.50135654
0.9290511
-0.6602908
-0.59671706
-0.1834882
-0.43778288
0.77011687
-0.24706188
-0.43778288
0.102593325
0.03901965
-0.50135654
-0.85101175
-0.7874381
0.38867486
0.32510117
-0.088127695
-0.24706188
0.07080649
0.22974066
2.6137533
0.16616699
-0.24706188
0.102593325
0.19795384
-0.5331434
-0.81922495
-0.75565124
-0.81922495
-0.024554022
-0.24706188
-0.1834882
0.102593325
-0.56493026
0.07080649
0.29331434
-0.75565124
-0.37420923
0.8654774
-0.024554022
-0.40599605
-0.2788487
-0.75565124
-0.5331434
0.6111827
-0.2788487
-0.05634086
-0.6285039
-0.72386444
-0.15170138
0.22974066
-0.43778288
-0.1834882
-1.200667
-0.7874381
-1.1053065
-0.9145855
-1.200667
-1.009946
-0.6602908
-1.0735196
-1.0735196
-0.8827986
-0.72386444
-0.31063554
-0.9463723
-1.3596011
-0.81922495
-1.009946
-0.59671706
-1.009946
-1.0417328
-0.43778288
-0.7874381
-0.9145855
-1.2642406
0.0
0.0
0.0
0.0
0.0
0.0
0.0
0.0
0.0
0.0
4.3302426
3.2494903
3.3766375
3.3448505
3.471998
2.8362613
2.4866061
4.616324
3.5673585
2.5819666
0.9290511
2.327672
1.723722
1.9780167
1.8508693
0.77011687
1.723722
2.1687376
3.471998
4.3302426
2.0415905
4.1077347
3.9170136
2.5183928
-0.75565124
0.32510117
3.1541297
3.5355716
5.3156347
4.0759478
4.234882
-0.46956974
1.0244116
2.5819666
2.1687376
3.694506
3.2177033
2.8044744
2.6455402
2.6137533
4.7752585
3.662719
2.5819666
3.4084244
1.533001
3.694506
2.2005246
3.3130639
4.7116847
2.7409008
3.5673585
3.2494903
2.8680482
2.8044744
3.7580795
5.410995
3.9170136
2.4866061
3.3130639
3.3766375
1.3740668
4.0759478
5.347421
3.2494903
0.22974066
2.4548192
4.45739
3.7898664
0.64296955
0.8019037
0.102593325
3.5991454
1.914443
2.5183928
1.533001
4.044161
4.838832
4.0123744
0.0
0.0
0.0
